Mixture	Mast Cells	Neutrophil Cells	Eosinophil Cells	B_cell_average	Plasma Cells	M0 Macrophage	M1 Macrophage	M2 Macrophage	Monocyte	NK_average	DC_average	Th_average	T_CD4_average	T_CD8_average	P-value	Correlation	RMSE
VAT_1	0.0224769168165786	0	2.22916080518581e-05	0	0	0	0.0592665394054615	0.544653959761422	0.336525399171864	0.00471861953793826	0.00192605574507834	0	0.0304102179536056	0	0.04	0.200534541896814	1.00648146074037
VAT_12	0.0399766855484827	0	0.000686529572819138	0.031475810351969	0.0488520046319533	0.119593338729917	0.0848461205883107	0.149455920804903	0.431085900707315	0.0393204749202619	0	0	0.0547072141440677	0	0.024	0.246239748981178	0.979288701568439
VAT_13	0.0275268775005376	0	0.00073803127616494	0.0172651964453929	0.0297623260949341	0.326339460412048	0.0783238531421427	0.0771325720064848	0.30206105092684	0.0275042959518394	0.0281019503894772	0	0.0852443858541383	0	0.982	-0.0398345772456121	1.07935499434607
VAT_16	0.0130519588187723	0	0.00211602520079873	0.0121228916788695	0	0.365187184092825	0.0802537692632379	0.0574275530502425	0.367241839961629	0.0365621305220369	0.000309227737332947	0.0117975870696048	0.0539298326046508	0	0.942	-0.0328025876008482	1.08752565698751
VAT_17	0.0281600935980501	0	0	0	0	0.321866223409586	0.0317349096157503	0.267774113809737	0.274803918588707	0.0017630213035867	0	0	0.073897719674583	0	0.66	-0.0143926661602317	1.0840913278306
VAT_2	0.0311094655087138	0	0	0	0.000505562609009028	0.191418250977097	0.043331637566593	0.447169296197516	0.240885267963526	0.0115356509607106	0.00677532580250413	0	0.0272695424143297	0	0.36	0.013450964399827	1.08041681317937
VAT_20	0.0199339057978285	0	0.000695488602269689	0	0.0779760066267338	0.0116492824196413	0.0761112316349034	0.400528732762859	0.339700721636072	0.0156376908245859	0	0	0.0577669396951057	0	0.012	0.295820869986929	0.960598348247983
VAT_22	0.0611380348435166	0	0.000671228637925234	0.00544356292047395	0	0.086280486945661	0.0616692528678658	0.341656073957218	0.364998295155022	0.00410115216137031	5.08578441321189e-05	0	0.0739910546668147	0	0.4	0.00747841559371887	1.07335085685808
VAT_24	0.0572671801441988	0	0.00435478245528107	0	0	0.36142059831633	0.112313178637569	0.0323551828281732	0.297301166953004	0.0182461054980273	0	0	0.116741805167417	0	0.962	-0.0352641904720429	1.08265396580851
VAT_25	0.042138777059275	0	0.000778047540806991	0.0354320124522278	0.0385858682513632	0	0.0749339266028914	0.44455748471287	0.243530104312789	0.00142970136535497	0.000485413673755654	0	0.118128664028666	0	0.00800000000000001	0.333967654895811	0.944122865980753
VAT_27	0.0284340452812618	0	0	0.0208016844085177	0.00440279090802792	0.490601081815675	0.0184041805256112	0.0839413406025068	0.285287397852826	0.0113051819121554	0.00414117998594656	0	0.0526811167074717	0	0.838	-0.023657014486707	1.08526470719445
VAT_30	0.0494993737726607	0	0.000783233193396559	0.0332617079243195	0.0304449894556682	0	0.0840048694243609	0.415874079857872	0.304892706304443	0.00133212170664137	0	0	0.0799069183606385	0	0.022	0.250929073768766	0.976804003906533
VAT_32	0.0505195779969914	0	0	0.0638863455672246	0.0133454931721792	0.16930938848104	0.0289315516463016	0.19887901442444	0.328214910723975	0.0136284375177572	0.019073095303768	0	0.114212185166323	0	0.04	0.197959409468962	0.993163452152746
VAT_33	0.0155067512933969	0	0	0.0217290071566174	0	0.186174673435625	0.0643480837601656	0.372770611567766	0.288204726865023	0.0126674272160764	0.00341672210010172	0	0.0351819966052285	0	0.168	0.0667834888605964	1.05544393661313
VAT_34	0.0281459766616011	0	0.00212705798243588	0.039866744876871	0.0812153515276082	0.194569166535189	0.0410788203322636	0.287230341313425	0.201949154210595	0	0.00739937365245627	0	0.0937465299107046	0.0226714829968503	0.004	0.371957478086662	0.930391746354792
VAT_39	0.0314837356874079	0	0.000456922822717648	0	0	0.266864417614445	0.0262848568599754	0.36472766057703	0.26581593444727	0.00202087125394382	0.0106435589670207	0.00853354934372291	0.0231684924264669	0	0.204	0.0529652293268708	1.0647779768717
VAT_40	0.0177110897570501	0	6.25573779167739e-07	0	0.00201095814165701	0	0.0457160774268579	0.585899017965966	0.331069616309297	0.000511518426620631	0.00756786809996446	0	0.00951322829880756	0	0.002	0.396165027593886	0.921629818465248
VAT_42	0.0210254826689745	0	0	0.0241281836839985	0.0145116300525755	0.292974406433759	0.0588574833599576	0.286395803447516	0.225951973606587	0.0188062095244748	0.0160259257755485	0	0.0413229014466084	0	0.33	0.0199720513538882	1.06806349073545
VAT_43	0.0224917744874129	0	0.000350191287564516	0.029673922339066	0	0	0.0344670750702047	0.578938582792292	0.319696939337238	0.000472728014775304	0.0066916320512963	0	0	0.00721715462015018	0.004	0.378088221435126	0.929494646478218
VAT_45	0.0186023485196373	0	0	0.00911836392697423	0	0.325828231645148	0.0164098520134728	0.379184807836107	0.208915773506578	0.0102496272470136	0.00724683314756766	0	0.0244441621575011	0	0.49	-0.00173878700390162	1.08907305097643
VAT_48	0.0435617524548424	0	0.000462279880264839	0	0.00329039804578624	0	0.0501807797220516	0.509260454642155	0.318261628546231	0.00158989829790809	0.00865791890003125	0	0.064734889510729	0	0.056	0.15217927729076	1.02092798590257
VAT_49	0.0339816682340045	0	0	0.0328113384491434	0.0882472721666241	0.452093150504811	0.0586583338367931	0	0.18893121693918	0.0120983372013142	0	0	0.10380421891458	0.0293744637535495	0.982	-0.040319722106481	1.07097212931376
VAT_53	0.0285836756313287	0	0.000242584485046234	0.0405954918719242	0.0234716374179696	0.339611369042915	0.0597510996008457	0.155154538210891	0.189482328717434	0.0261109615989563	0.00425261774236603	0	0.0993383646981706	0.0334053309821523	0.434	0.00408681364518166	1.05921316085049
VAT_54	0.00773474494938126	0	0.00632710776077691	0.0214712987843092	0.0229695525670727	0.500168311215802	0.0772121121473614	0.0726667632417965	0.174516062877612	0.0367976798134825	0	0	0.0728736984606308	0.0072626681817751	0.524	-0.00507175352307563	1.07243731152193
VAT_57	0.00735781843819601	0	0.00980646716774753	0.00952399962237064	0.0829308124177018	0.315611125497406	0.146751728064175	0.0135407528417033	0.275598918782451	0.0265995327107725	0	0.0262962098092075	0.0859826346482694	0	0.974	-0.0369484070646654	1.07846052446212
VAT_59	0.0192741104085176	0	0	0.0123080002598256	0	0.513614788186468	0.0385413037421474	0.113919107132483	0.145728432177238	0.0339306518679015	0.00641729123065072	0	0.089264153762712	0.0270021612320559	0.132	0.082742601090091	1.04237178587797
VAT_63	0.0141466824410644	0	0	0.0348734001010239	0.0117237074016907	0.275121020169367	0.118690388673715	0.19139303761952	0.222027213986439	0.0131621611750849	0	0	0.118862388432095	0	0.134	0.0795469990027921	1.04012286668477
VAT_64	0.0213836471782884	0	0	0.0370066839239386	0.219316910820851	0.350223427461043	0.0427982877762289	0.0380557191032886	0.158484926126108	0.0153226365404792	0.0220423929156814	0	0.0953653681540932	0	0.132	0.0813879529720331	1.03941946882757
VAT_7	0.0394196958278915	0	0	0	0.00289064100044819	0.410634519287384	0.0833848077869672	0.0481830363075722	0.349365663160544	0.0163307128388596	0	0	0.0497909237903327	0	0.86	-0.0248993982702011	1.08804357048728
VAT_8	0.0141681710990135	0	0.000227607633986603	0.00987129333159246	0.00901345328416027	0.424392783034934	0.0687218676655503	0.0810009256286063	0.319500294666903	0.0211219800032109	0	0.0069394433135151	0.0450421803385274	0	0.51	-0.00382529394764493	1.07854090945564
VAT_9	0.0211746356807541	0	0	0.0156809884477479	0.000950838921089162	0	0.0407936857192947	0.4522991180924	0.358336779276742	0.0290860844095197	0.0222031955840634	0.00672671370027729	0.0527479601681116	0	0.102	0.10129428409182	1.03783480960822
