MouseNum	Strain	Diet	Beef-Cooked-Powdered	Casein	Chicken-Powdered	Egg-White	Fish-Protein-Isolate	Peanut-Flour	Wheat-Gluten	Pea-Protein	Soy-Protein-Isolate	L-Cystine	Corn-Starch	Maltodextrin	Wheat-Starch	Rice-Starch	Potato-Starch	Fructose	Glucose-Dextrose	Lactose	Sucrose	Cellulose	Inulin	Pectin	Psyllium-Husk 	Beta-Glucan	Beef-Fat-Bunge	Butter-Anhydrous	Canola-Oil	Cocoa-Butter	Corn-Oil	Corn-Oil-Hydrog	Flaxseed-Oil	Menhaden-Oil	Olive-Oil	Peanut-Oil	Safflower-Oil	Soybean-Oil	Mineral-Mix-S10026A	Dicalcium-Phosphate	Calcium-Carbonate	Potassium-Citrate	Vitamin-Mix-V10001	Beta-Carotene	Biotin	Choline-Bitartrate	Cholesterol	Indole-3-Carbinol	Sulforaphane	Red-Dye	Yellow-Dye	Blue-Dye
1	C57	American	39.85	37.62	23.4	20.38	0	15.3	27.08	25.26	0	0.555	54.65	0	197.14	11.12	40.64	39.18	54.31	11.85	84.37	13.94	0	4.04	5.5	44.12	13.72	46.35	0	0	42.1	9.8	4.5	0	15.45	0	0	0	5	13	5.5	16.5	10	0.241	0.1	2	0.218	0	0	0	0	0
2	C57	American	39.85	37.62	23.4	20.38	0	15.3	27.08	25.26	0	0.555	54.65	0	197.14	11.12	40.64	39.18	54.31	11.85	84.37	13.94	0	4.04	5.5	44.12	13.72	46.35	0	0	42.1	9.8	4.5	0	15.45	0	0	0	5	13	5.5	16.5	10	0.241	0.1	2	0.218	0	0	0	0	0
3	C57	American	39.85	37.62	23.4	20.38	0	15.3	27.08	25.26	0	0.555	54.65	0	197.14	11.12	40.64	39.18	54.31	11.85	84.37	13.94	0	4.04	5.5	44.12	13.72	46.35	0	0	42.1	9.8	4.5	0	15.45	0	0	0	5	13	5.5	16.5	10	0.241	0.1	2	0.218	0	0	0	0	0
4	C57	American	39.85	37.62	23.4	20.38	0	15.3	27.08	25.26	0	0.555	54.65	0	197.14	11.12	40.64	39.18	54.31	11.85	84.37	13.94	0	4.04	5.5	44.12	13.72	46.35	0	0	42.1	9.8	4.5	0	15.45	0	0	0	5	13	5.5	16.5	10	0.241	0.1	2	0.218	0	0	0	0	0
5	C57	Mediterranean	19	34.07	16.54	7.47	16.53	30.22	29.8	31.46	0	0.513	0	0	218.34	50.72	75.87	62.95	61.88	8.26	28.24	53.62	0	14.54	5.5	30.58	4.76	12.86	0	0	0	3.1	1.84	13.42	80.9	0	20.7	0	5	13	5.5	16.5	10	2.128	0.1	2	0.263	0.0181	0.0053	0	0	0
6	C57	Mediterranean	19	34.07	16.54	7.47	16.53	30.22	29.8	31.46	0	0.513	0	0	218.34	50.72	75.87	62.95	61.88	8.26	28.24	53.62	0	14.54	5.5	30.58	4.76	12.86	0	0	0	3.1	1.84	13.42	80.9	0	20.7	0	5	13	5.5	16.5	10	2.128	0.1	2	0.263	0.0181	0.0053	0	0	0
7	C57	Mediterranean	19	34.07	16.54	7.47	16.53	30.22	29.8	31.46	0	0.513	0	0	218.34	50.72	75.87	62.95	61.88	8.26	28.24	53.62	0	14.54	5.5	30.58	4.76	12.86	0	0	0	3.1	1.84	13.42	80.9	0	20.7	0	5	13	5.5	16.5	10	2.128	0.1	2	0.263	0.0181	0.0053	0	0	0
8	C57	Mediterranean	19	34.07	16.54	7.47	16.53	30.22	29.8	31.46	0	0.513	0	0	218.34	50.72	75.87	62.95	61.88	8.26	28.24	53.62	0	14.54	5.5	30.58	4.76	12.86	0	0	0	3.1	1.84	13.42	80.9	0	20.7	0	5	13	5.5	16.5	10	2.128	0.1	2	0.263	0.0181	0.0053	0	0	0
9	C57	Vegetarian	0	32.81	0	19.51	0	51.41	41.71	24.43	19.56	0.492	19.72	0	20803%	19.99	49.71	41.25	47.14	41.83	46.3	75.38	0	19.17	5.5	51.4	0	36.58	15	3.16	6.16	4	3.25	0	6.23	25.83	10.67	31.63	5	13	5.5	16.5	10	1.925	0.1	2	0.08	0.0185	0.0054	0	0	0
10	C57	Vegetarian	0	32.81	0	19.51	0	51.41	41.71	24.43	19.56	0.492	19.72	0	20803%	19.99	49.71	41.25	47.14	41.83	46.3	75.38	0	19.17	5.5	51.4	0	36.58	15	3.16	6.16	4	3.25	0	6.23	25.83	10.67	31.63	5	13	5.5	16.5	10	1.925	0.1	2	0.08	0.0185	0.0054	0	0	0
11	C57	Vegetarian	0	32.81	0	19.51	0	51.41	41.71	24.43	19.56	0.492	19.72	0	20803%	19.99	49.71	41.25	47.14	41.83	46.3	75.38	0	19.17	5.5	51.4	0	36.58	15	3.16	6.16	4	3.25	0	6.23	25.83	10.67	31.63	5	13	5.5	16.5	10	1.925	0.1	2	0.08	0.0185	0.0054	0	0	0
12	C57	Vegetarian	0	32.81	0	19.51	0	51.41	41.71	24.43	19.56	0.492	19.72	0	20803%	19.99	49.71	41.25	47.14	41.83	46.3	75.38	0	19.17	5.5	51.4	0	36.58	15	3.16	6.16	4	3.25	0	6.23	25.83	10.67	31.63	5	13	5.5	16.5	10	1.925	0.1	2	0.08	0.0185	0.0054	0	0	0
13	C57	Vegan	0	0	0	0	0	50.89	52.93	45.36	30	1	23.87	0	185.29	44.6	43.82	44.81	54.8	0	53.98	81.96	0	20.87	5.5	86.47	0	0	10.2	2.04	8.66	0.69	6.12	0	35.01	29.9	16.01	29.9	5	13	5.5	16.5	10	1.96	0	2	0	0.0186	0.0055	0	0	0
14	C57	Vegan	0	0	0	0	0	50.89	52.93	45.36	30	1	23.87	0	185.29	44.6	43.82	44.81	54.8	0	53.98	81.96	0	20.87	5.5	86.47	0	0	10.2	2.04	8.66	0.69	6.12	0	35.01	29.9	16.01	29.9	5	13	5.5	16.5	10	1.96	0	2	0	0.0186	0.0055	0	0	0
15	C57	Vegan	0	0	0	0	0	50.89	52.93	45.36	30	1	23.87	0	185.29	44.6	43.82	44.81	54.8	0	53.98	81.96	0	20.87	5.5	86.47	0	0	10.2	2.04	8.66	0.69	6.12	0	35.01	29.9	16.01	29.9	5	13	5.5	16.5	10	1.96	0	2	0	0.0186	0.0055	0	0	0
16	C57	Vegan	0	0	0	0	0	50.89	52.93	45.36	30	1	23.87	0	185.29	44.6	43.82	44.81	54.8	0	53.98	81.96	0	20.87	5.5	86.47	0	0	10.2	2.04	8.66	0.69	6.12	0	35.01	29.9	16.01	29.9	5	13	5.5	16.5	10	1.96	0	2	0	0.0186	0.0055	0	0	0
17	AJ	American	39.85	37.62	23.4	20.38	0	15.3	27.08	25.26	0	0.555	54.65	0	197.14	11.12	40.64	39.18	54.31	11.85	84.37	13.94	0	4.04	5.5	44.12	13.72	46.35	0	0	42.1	9.8	4.5	0	15.45	0	0	0	5	13	5.5	16.5	10	0.241	0.1	2	0.218	0	0	0	0	0
18	AJ	American	39.85	37.62	23.4	20.38	0	15.3	27.08	25.26	0	0.555	54.65	0	197.14	11.12	40.64	39.18	54.31	11.85	84.37	13.94	0	4.04	5.5	44.12	13.72	46.35	0	0	42.1	9.8	4.5	0	15.45	0	0	0	5	13	5.5	16.5	10	0.241	0.1	2	0.218	0	0	0	0	0
19	AJ	American	39.85	37.62	23.4	20.38	0	15.3	27.08	25.26	0	0.555	54.65	0	197.14	11.12	40.64	39.18	54.31	11.85	84.37	13.94	0	4.04	5.5	44.12	13.72	46.35	0	0	42.1	9.8	4.5	0	15.45	0	0	0	5	13	5.5	16.5	10	0.241	0.1	2	0.218	0	0	0	0	0
20	AJ	American	39.85	37.62	23.4	20.38	0	15.3	27.08	25.26	0	0.555	54.65	0	197.14	11.12	40.64	39.18	54.31	11.85	84.37	13.94	0	4.04	5.5	44.12	13.72	46.35	0	0	42.1	9.8	4.5	0	15.45	0	0	0	5	13	5.5	16.5	10	0.241	0.1	2	0.218	0	0	0	0	0
21	AJ	Mediterranean	19	34.07	16.54	7.47	16.53	30.22	29.8	31.46	0	0.513	0	0	218.34	50.72	75.87	62.95	61.88	8.26	28.24	53.62	0	14.54	5.5	30.58	4.76	12.86	0	0	0	3.1	1.84	13.42	80.9	0	20.7	0	5	13	5.5	16.5	10	2.128	0.1	2	0.263	0.0181	0.0053	0	0	0
22	AJ	Mediterranean	19	34.07	16.54	7.47	16.53	30.22	29.8	31.46	0	0.513	0	0	218.34	50.72	75.87	62.95	61.88	8.26	28.24	53.62	0	14.54	5.5	30.58	4.76	12.86	0	0	0	3.1	1.84	13.42	80.9	0	20.7	0	5	13	5.5	16.5	10	2.128	0.1	2	0.263	0.0181	0.0053	0	0	0
23	AJ	Mediterranean	19	34.07	16.54	7.47	16.53	30.22	29.8	31.46	0	0.513	0	0	218.34	50.72	75.87	62.95	61.88	8.26	28.24	53.62	0	14.54	5.5	30.58	4.76	12.86	0	0	0	3.1	1.84	13.42	80.9	0	20.7	0	5	13	5.5	16.5	10	2.128	0.1	2	0.263	0.0181	0.0053	0	0	0
24	AJ	Mediterranean	19	34.07	16.54	7.47	16.53	30.22	29.8	31.46	0	0.513	0	0	218.34	50.72	75.87	62.95	61.88	8.26	28.24	53.62	0	14.54	5.5	30.58	4.76	12.86	0	0	0	3.1	1.84	13.42	80.9	0	20.7	0	5	13	5.5	16.5	10	2.128	0.1	2	0.263	0.0181	0.0053	0	0	0
25	AJ	Vegetarian	0	32.81	0	19.51	0	51.41	41.71	24.43	19.56	0.492	19.72	0	20803%	19.99	49.71	41.25	47.14	41.83	46.3	75.38	0	19.17	5.5	51.4	0	36.58	15	3.16	6.16	4	3.25	0	6.23	25.83	10.67	31.63	5	13	5.5	16.5	10	1.925	0.1	2	0.08	0.0185	0.0054	0	0	0
26	AJ	Vegetarian	0	32.81	0	19.51	0	51.41	41.71	24.43	19.56	0.492	19.72	0	20803%	19.99	49.71	41.25	47.14	41.83	46.3	75.38	0	19.17	5.5	51.4	0	36.58	15	3.16	6.16	4	3.25	0	6.23	25.83	10.67	31.63	5	13	5.5	16.5	10	1.925	0.1	2	0.08	0.0185	0.0054	0	0	0
27	AJ	Vegetarian	0	32.81	0	19.51	0	51.41	41.71	24.43	19.56	0.492	19.72	0	20803%	19.99	49.71	41.25	47.14	41.83	46.3	75.38	0	19.17	5.5	51.4	0	36.58	15	3.16	6.16	4	3.25	0	6.23	25.83	10.67	31.63	5	13	5.5	16.5	10	1.925	0.1	2	0.08	0.0185	0.0054	0	0	0
28	AJ	Vegetarian	0	32.81	0	19.51	0	51.41	41.71	24.43	19.56	0.492	19.72	0	20803%	19.99	49.71	41.25	47.14	41.83	46.3	75.38	0	19.17	5.5	51.4	0	36.58	15	3.16	6.16	4	3.25	0	6.23	25.83	10.67	31.63	5	13	5.5	16.5	10	1.925	0.1	2	0.08	0.0185	0.0054	0	0	0
29	AJ	Vegan	0	0	0	0	0	50.89	52.93	45.36	30	1	23.87	0	185.29	44.6	43.82	44.81	54.8	0	53.98	81.96	0	20.87	5.5	86.47	0	0	10.2	2.04	8.66	0.69	6.12	0	35.01	29.9	16.01	29.9	5	13	5.5	16.5	10	1.96	0	2	0	0.0186	0.0055	0	0	0
30	AJ	Vegan	0	0	0	0	0	50.89	52.93	45.36	30	1	23.87	0	185.29	44.6	43.82	44.81	54.8	0	53.98	81.96	0	20.87	5.5	86.47	0	0	10.2	2.04	8.66	0.69	6.12	0	35.01	29.9	16.01	29.9	5	13	5.5	16.5	10	1.96	0	2	0	0.0186	0.0055	0	0	0
31	AJ	Vegan	0	0	0	0	0	50.89	52.93	45.36	30	1	23.87	0	185.29	44.6	43.82	44.81	54.8	0	53.98	81.96	0	20.87	5.5	86.47	0	0	10.2	2.04	8.66	0.69	6.12	0	35.01	29.9	16.01	29.9	5	13	5.5	16.5	10	1.96	0	2	0	0.0186	0.0055	0	0	0
32	AJ	Vegan	0	0	0	0	0	50.89	52.93	45.36	30	1	23.87	0	185.29	44.6	43.82	44.81	54.8	0	53.98	81.96	0	20.87	5.5	86.47	0	0	10.2	2.04	8.66	0.69	6.12	0	35.01	29.9	16.01	29.9	5	13	5.5	16.5	10	1.96	0	2	0	0.0186	0.0055	0	0	0
33	DBA	American	39.85	37.62	23.4	20.38	0	15.3	27.08	25.26	0	0.555	54.65	0	197.14	11.12	40.64	39.18	54.31	11.85	84.37	13.94	0	4.04	5.5	44.12	13.72	46.35	0	0	42.1	9.8	4.5	0	15.45	0	0	0	5	13	5.5	16.5	10	0.241	0.1	2	0.218	0	0	0	0	0
34	DBA	American	39.85	37.62	23.4	20.38	0	15.3	27.08	25.26	0	0.555	54.65	0	197.14	11.12	40.64	39.18	54.31	11.85	84.37	13.94	0	4.04	5.5	44.12	13.72	46.35	0	0	42.1	9.8	4.5	0	15.45	0	0	0	5	13	5.5	16.5	10	0.241	0.1	2	0.218	0	0	0	0	0
35	DBA	American	39.85	37.62	23.4	20.38	0	15.3	27.08	25.26	0	0.555	54.65	0	197.14	11.12	40.64	39.18	54.31	11.85	84.37	13.94	0	4.04	5.5	44.12	13.72	46.35	0	0	42.1	9.8	4.5	0	15.45	0	0	0	5	13	5.5	16.5	10	0.241	0.1	2	0.218	0	0	0	0	0
36	DBA	American	39.85	37.62	23.4	20.38	0	15.3	27.08	25.26	0	0.555	54.65	0	197.14	11.12	40.64	39.18	54.31	11.85	84.37	13.94	0	4.04	5.5	44.12	13.72	46.35	0	0	42.1	9.8	4.5	0	15.45	0	0	0	5	13	5.5	16.5	10	0.241	0.1	2	0.218	0	0	0	0	0
37	DBA	Mediterranean	19	34.07	16.54	7.47	16.53	30.22	29.8	31.46	0	0.513	0	0	218.34	50.72	75.87	62.95	61.88	8.26	28.24	53.62	0	14.54	5.5	30.58	4.76	12.86	0	0	0	3.1	1.84	13.42	80.9	0	20.7	0	5	13	5.5	16.5	10	2.128	0.1	2	0.263	0.0181	0.0053	0	0	0
38	DBA	Mediterranean	19	34.07	16.54	7.47	16.53	30.22	29.8	31.46	0	0.513	0	0	218.34	50.72	75.87	62.95	61.88	8.26	28.24	53.62	0	14.54	5.5	30.58	4.76	12.86	0	0	0	3.1	1.84	13.42	80.9	0	20.7	0	5	13	5.5	16.5	10	2.128	0.1	2	0.263	0.0181	0.0053	0	0	0
39	DBA	Mediterranean	19	34.07	16.54	7.47	16.53	30.22	29.8	31.46	0	0.513	0	0	218.34	50.72	75.87	62.95	61.88	8.26	28.24	53.62	0	14.54	5.5	30.58	4.76	12.86	0	0	0	3.1	1.84	13.42	80.9	0	20.7	0	5	13	5.5	16.5	10	2.128	0.1	2	0.263	0.0181	0.0053	0	0	0
40	DBA	Mediterranean	19	34.07	16.54	7.47	16.53	30.22	29.8	31.46	0	0.513	0	0	218.34	50.72	75.87	62.95	61.88	8.26	28.24	53.62	0	14.54	5.5	30.58	4.76	12.86	0	0	0	3.1	1.84	13.42	80.9	0	20.7	0	5	13	5.5	16.5	10	2.128	0.1	2	0.263	0.0181	0.0053	0	0	0
41	DBA	Vegetarian	0	32.81	0	19.51	0	51.41	41.71	24.43	19.56	0.492	19.72	0	20803%	19.99	49.71	41.25	47.14	41.83	46.3	75.38	0	19.17	5.5	51.4	0	36.58	15	3.16	6.16	4	3.25	0	6.23	25.83	10.67	31.63	5	13	5.5	16.5	10	1.925	0.1	2	0.08	0.0185	0.0054	0	0	0
42	DBA	Vegetarian	0	32.81	0	19.51	0	51.41	41.71	24.43	19.56	0.492	19.72	0	20803%	19.99	49.71	41.25	47.14	41.83	46.3	75.38	0	19.17	5.5	51.4	0	36.58	15	3.16	6.16	4	3.25	0	6.23	25.83	10.67	31.63	5	13	5.5	16.5	10	1.925	0.1	2	0.08	0.0185	0.0054	0	0	0
43	DBA	Vegetarian	0	32.81	0	19.51	0	51.41	41.71	24.43	19.56	0.492	19.72	0	20803%	19.99	49.71	41.25	47.14	41.83	46.3	75.38	0	19.17	5.5	51.4	0	36.58	15	3.16	6.16	4	3.25	0	6.23	25.83	10.67	31.63	5	13	5.5	16.5	10	1.925	0.1	2	0.08	0.0185	0.0054	0	0	0
44	DBA	Vegetarian	0	32.81	0	19.51	0	51.41	41.71	24.43	19.56	0.492	19.72	0	20803%	19.99	49.71	41.25	47.14	41.83	46.3	75.38	0	19.17	5.5	51.4	0	36.58	15	3.16	6.16	4	3.25	0	6.23	25.83	10.67	31.63	5	13	5.5	16.5	10	1.925	0.1	2	0.08	0.0185	0.0054	0	0	0
45	DBA	Vegan	0	0	0	0	0	50.89	52.93	45.36	30	1	23.87	0	185.29	44.6	43.82	44.81	54.8	0	53.98	81.96	0	20.87	5.5	86.47	0	0	10.2	2.04	8.66	0.69	6.12	0	35.01	29.9	16.01	29.9	5	13	5.5	16.5	10	1.96	0	2	0	0.0186	0.0055	0	0	0
46	DBA	Vegan	0	0	0	0	0	50.89	52.93	45.36	30	1	23.87	0	185.29	44.6	43.82	44.81	54.8	0	53.98	81.96	0	20.87	5.5	86.47	0	0	10.2	2.04	8.66	0.69	6.12	0	35.01	29.9	16.01	29.9	5	13	5.5	16.5	10	1.96	0	2	0	0.0186	0.0055	0	0	0
47	DBA	Vegan	0	0	0	0	0	50.89	52.93	45.36	30	1	23.87	0	185.29	44.6	43.82	44.81	54.8	0	53.98	81.96	0	20.87	5.5	86.47	0	0	10.2	2.04	8.66	0.69	6.12	0	35.01	29.9	16.01	29.9	5	13	5.5	16.5	10	1.96	0	2	0	0.0186	0.0055	0	0	0
48	DBA	Vegan	0	0	0	0	0	50.89	52.93	45.36	30	1	23.87	0	185.29	44.6	43.82	44.81	54.8	0	53.98	81.96	0	20.87	5.5	86.47	0	0	10.2	2.04	8.66	0.69	6.12	0	35.01	29.9	16.01	29.9	5	13	5.5	16.5	10	1.96	0	2	0	0.0186	0.0055	0	0	0
49	SJL	American	39.85	37.62	23.4	20.38	0	15.3	27.08	25.26	0	0.555	54.65	0	197.14	11.12	40.64	39.18	54.31	11.85	84.37	13.94	0	4.04	5.5	44.12	13.72	46.35	0	0	42.1	9.8	4.5	0	15.45	0	0	0	5	13	5.5	16.5	10	0.241	0.1	2	0.218	0	0	0	0	0
50	SJL	American	39.85	37.62	23.4	20.38	0	15.3	27.08	25.26	0	0.555	54.65	0	197.14	11.12	40.64	39.18	54.31	11.85	84.37	13.94	0	4.04	5.5	44.12	13.72	46.35	0	0	42.1	9.8	4.5	0	15.45	0	0	0	5	13	5.5	16.5	10	0.241	0.1	2	0.218	0	0	0	0	0
51	SJL	American	39.85	37.62	23.4	20.38	0	15.3	27.08	25.26	0	0.555	54.65	0	197.14	11.12	40.64	39.18	54.31	11.85	84.37	13.94	0	4.04	5.5	44.12	13.72	46.35	0	0	42.1	9.8	4.5	0	15.45	0	0	0	5	13	5.5	16.5	10	0.241	0.1	2	0.218	0	0	0	0	0
52	SJL	American	39.85	37.62	23.4	20.38	0	15.3	27.08	25.26	0	0.555	54.65	0	197.14	11.12	40.64	39.18	54.31	11.85	84.37	13.94	0	4.04	5.5	44.12	13.72	46.35	0	0	42.1	9.8	4.5	0	15.45	0	0	0	5	13	5.5	16.5	10	0.241	0.1	2	0.218	0	0	0	0	0
53	SJL	Mediterranean	19	34.07	16.54	7.47	16.53	30.22	29.8	31.46	0	0.513	0	0	218.34	50.72	75.87	62.95	61.88	8.26	28.24	53.62	0	14.54	5.5	30.58	4.76	12.86	0	0	0	3.1	1.84	13.42	80.9	0	20.7	0	5	13	5.5	16.5	10	2.128	0.1	2	0.263	0.0181	0.0053	0	0	0
54	SJL	Mediterranean	19	34.07	16.54	7.47	16.53	30.22	29.8	31.46	0	0.513	0	0	218.34	50.72	75.87	62.95	61.88	8.26	28.24	53.62	0	14.54	5.5	30.58	4.76	12.86	0	0	0	3.1	1.84	13.42	80.9	0	20.7	0	5	13	5.5	16.5	10	2.128	0.1	2	0.263	0.0181	0.0053	0	0	0
55	SJL	Mediterranean	19	34.07	16.54	7.47	16.53	30.22	29.8	31.46	0	0.513	0	0	218.34	50.72	75.87	62.95	61.88	8.26	28.24	53.62	0	14.54	5.5	30.58	4.76	12.86	0	0	0	3.1	1.84	13.42	80.9	0	20.7	0	5	13	5.5	16.5	10	2.128	0.1	2	0.263	0.0181	0.0053	0	0	0
56	SJL	Mediterranean	19	34.07	16.54	7.47	16.53	30.22	29.8	31.46	0	0.513	0	0	218.34	50.72	75.87	62.95	61.88	8.26	28.24	53.62	0	14.54	5.5	30.58	4.76	12.86	0	0	0	3.1	1.84	13.42	80.9	0	20.7	0	5	13	5.5	16.5	10	2.128	0.1	2	0.263	0.0181	0.0053	0	0	0
57	SJL	Vegetarian	0	32.81	0	19.51	0	51.41	41.71	24.43	19.56	0.492	19.72	0	20803%	19.99	49.71	41.25	47.14	41.83	46.3	75.38	0	19.17	5.5	51.4	0	36.58	15	3.16	6.16	4	3.25	0	6.23	25.83	10.67	31.63	5	13	5.5	16.5	10	1.925	0.1	2	0.08	0.0185	0.0054	0	0	0
58	SJL	Vegetarian	0	32.81	0	19.51	0	51.41	41.71	24.43	19.56	0.492	19.72	0	20803%	19.99	49.71	41.25	47.14	41.83	46.3	75.38	0	19.17	5.5	51.4	0	36.58	15	3.16	6.16	4	3.25	0	6.23	25.83	10.67	31.63	5	13	5.5	16.5	10	1.925	0.1	2	0.08	0.0185	0.0054	0	0	0
59	SJL	Vegetarian	0	32.81	0	19.51	0	51.41	41.71	24.43	19.56	0.492	19.72	0	20803%	19.99	49.71	41.25	47.14	41.83	46.3	75.38	0	19.17	5.5	51.4	0	36.58	15	3.16	6.16	4	3.25	0	6.23	25.83	10.67	31.63	5	13	5.5	16.5	10	1.925	0.1	2	0.08	0.0185	0.0054	0	0	0
60	SJL	Vegetarian	0	32.81	0	19.51	0	51.41	41.71	24.43	19.56	0.492	19.72	0	20803%	19.99	49.71	41.25	47.14	41.83	46.3	75.38	0	19.17	5.5	51.4	0	36.58	15	3.16	6.16	4	3.25	0	6.23	25.83	10.67	31.63	5	13	5.5	16.5	10	1.925	0.1	2	0.08	0.0185	0.0054	0	0	0
61	SJL	Vegan	0	0	0	0	0	50.89	52.93	45.36	30	1	23.87	0	185.29	44.6	43.82	44.81	54.8	0	53.98	81.96	0	20.87	5.5	86.47	0	0	10.2	2.04	8.66	0.69	6.12	0	35.01	29.9	16.01	29.9	5	13	5.5	16.5	10	1.96	0	2	0	0.0186	0.0055	0	0	0
62	SJL	Vegan	0	0	0	0	0	50.89	52.93	45.36	30	1	23.87	0	185.29	44.6	43.82	44.81	54.8	0	53.98	81.96	0	20.87	5.5	86.47	0	0	10.2	2.04	8.66	0.69	6.12	0	35.01	29.9	16.01	29.9	5	13	5.5	16.5	10	1.96	0	2	0	0.0186	0.0055	0	0	0
63	SJL	Vegan	0	0	0	0	0	50.89	52.93	45.36	30	1	23.87	0	185.29	44.6	43.82	44.81	54.8	0	53.98	81.96	0	20.87	5.5	86.47	0	0	10.2	2.04	8.66	0.69	6.12	0	35.01	29.9	16.01	29.9	5	13	5.5	16.5	10	1.96	0	2	0	0.0186	0.0055	0	0	0
64	SJL	Vegan	0	0	0	0	0	50.89	52.93	45.36	30	1	23.87	0	185.29	44.6	43.82	44.81	54.8	0	53.98	81.96	0	20.87	5.5	86.47	0	0	10.2	2.04	8.66	0.69	6.12	0	35.01	29.9	16.01	29.9	5	13	5.5	16.5	10	1.96	0	2	0	0.0186	0.0055	0	0	0
