MouseNum	Strain	Diet	Protein_all	Supplemental-Cystine	Arginine	Histidine	Isoleucine	Leucine	Valine	Threonine	Lysine	Methionine	Cystine	Phenylalanine	Tryptophan	Protein_notadded	Animal-Protein	Vegetable-Protein	Carbohydrate	Total-Sugars	Fructose	Glucose-Dextrose	Lactose	Sucrose	Starch	Fat	SFA	MUFA	PUFA	Trans	n-6-FA	n-3-FA	EPA	DHA	Cholesterol	Fiber	Insoluble-Fiber	Soluble-Fiber	Pectins	Calcium	Phosphorus	Sodium	Potassium	Choline	Vitamin-A	Beta-Carotene	Indole-3-Carbinol	Sulforaphane
1	C57	American	152.7	0.6	9	3.7	6.7	11.9	7.7	5.7	9.6	3.3	2.4	7.3	1.6	152.1	92.3	59.9	507.1	199.7	39.2	54.3	11.9	94.4	263.3	157.8	53.8	56	36.8	3.5	29.7	3.9	0	0	0.47	32.1	20.8	10.6	3.2	6.6	3.4	0.9	6.6	2	4007	2410	0	0
2	C57	American	152.7	0.6	9	3.7	6.7	11.9	7.7	5.7	9.6	3.3	2.4	7.3	1.6	152.1	92.3	59.9	507.1	199.7	39.2	54.3	11.9	94.4	263.3	157.8	53.8	56	36.8	3.5	29.7	3.9	0	0	0.47	32.1	20.8	10.6	3.2	6.6	3.4	0.9	6.6	2	4007	2410	0	0
3	C57	American	152.7	0.6	9	3.7	6.7	11.9	7.7	5.7	9.6	3.3	2.4	7.3	1.6	152.1	92.3	59.9	507.1	199.7	39.2	54.3	11.9	94.4	263.3	157.8	53.8	56	36.8	3.5	29.7	3.9	0	0	0.47	32.1	20.8	10.6	3.2	6.6	3.4	0.9	6.6	2	4007	2410	0	0
4	C57	American	152.7	0.6	9	3.7	6.7	11.9	7.7	5.7	9.6	3.3	2.4	7.3	1.6	152.1	92.3	59.9	507.1	199.7	39.2	54.3	11.9	94.4	263.3	157.8	53.8	56	36.8	3.5	29.7	3.9	0	0	0.47	32.1	20.8	10.6	3.2	6.6	3.4	0.9	6.6	2	4007	2410	0	0
5	C57	Mediterranean	152.6	0.5	9.9	3.8	6.9	12.2	7.6	5.9	9.7	3.2	2.3	7.5	1.7	152.1	76.5	75.6	507.1	171.4	63	61.9	8.3	38.2	293	157.8	33.5	78.1	38	1.1	14.9	6.1	1.9	1.4	0.425	81	62.7	17.7	11.6	6.7	3.4	0.7	6.4	2	4006	21280	17.9	5.1
6	C57	Mediterranean	152.6	0.5	9.9	3.8	6.9	12.2	7.6	5.9	9.7	3.2	2.3	7.5	1.7	152.1	76.5	75.6	507.1	171.4	63	61.9	8.3	38.2	293	157.8	33.5	78.1	38	1.1	14.9	6.1	1.9	1.4	0.425	81	62.7	17.7	11.6	6.7	3.4	0.7	6.4	2	4006	21280	17.9	5.1
7	C57	Mediterranean	152.6	0.5	9.9	3.8	6.9	12.2	7.6	5.9	9.7	3.2	2.3	7.5	1.7	152.1	76.5	75.6	507.1	171.4	63	61.9	8.3	38.2	293	157.8	33.5	78.1	38	1.1	14.9	6.1	1.9	1.4	0.425	81	62.7	17.7	11.6	6.7	3.4	0.7	6.4	2	4006	21280	17.9	5.1
8	C57	Mediterranean	152.6	0.5	9.9	3.8	6.9	12.2	7.6	5.9	9.7	3.2	2.3	7.5	1.7	152.1	76.5	75.6	507.1	171.4	63	61.9	8.3	38.2	293	157.8	33.5	78.1	38	1.1	14.9	6.1	1.9	1.4	0.425	81	62.7	17.7	11.6	6.7	3.4	0.7	6.4	2	4006	21280	17.9	5.1
9	C57	Vegetarian	152.6	0.5	10.2	3.7	6.9	12	7.6	5.4	8	2.9	2.6	7.9	1.7	152.1	44.4	107.8	507.1	186.6	41.3	47.1	41.9	56.3	256.3	157.8	40.7	58.9	49.7	1.4	31.8	6.5	0	0	0.18	111.7	86.8	24.8	15.3	6.7	3.5	0.9	6.4	2	4006	19250	17.9	5.1
10	C57	Vegetarian	152.6	0.5	10.2	3.7	6.9	12	7.6	5.4	8	2.9	2.6	7.9	1.7	152.1	44.4	107.8	507.1	186.6	41.3	47.1	41.9	56.3	256.3	157.8	40.7	58.9	49.7	1.4	31.8	6.5	0	0	0.18	111.7	86.8	24.8	15.3	6.7	3.5	0.9	6.4	2	4006	19250	17.9	5.1
11	C57	Vegetarian	152.6	0.5	10.2	3.7	6.9	12	7.6	5.4	8	2.9	2.6	7.9	1.7	152.1	44.4	107.8	507.1	186.6	41.3	47.1	41.9	56.3	256.3	157.8	40.7	58.9	49.7	1.4	31.8	6.5	0	0	0.18	111.7	86.8	24.8	15.3	6.7	3.5	0.9	6.4	2	4006	19250	17.9	5.1
12	C57	Vegetarian	152.6	0.5	10.2	3.7	6.9	12	7.6	5.4	8	2.9	2.6	7.9	1.7	152.1	44.4	107.8	507.1	186.6	41.3	47.1	41.9	56.3	256.3	157.8	40.7	58.9	49.7	1.4	31.8	6.5	0	0	0.18	111.7	86.8	24.8	15.3	6.7	3.5	0.9	6.4	2	4006	19250	17.9	5.1
13	C57	Vegan	153.1	1	11.2	3.6	6.7	11.3	7.1	4.9	7.3	2.1	3	7.8	1.6	152.1	0	152.1	507.1	163.6	44.8	54.8	0	64	254.7	157.8	23	69.2	59.4	0.2	36.2	7.1	0	0	0	125.2	94	31.2	16.7	6.8	3.3	1	6.7	2	4000	19600	17.9	5.1
14	C57	Vegan	153.1	1	11.2	3.6	6.7	11.3	7.1	4.9	7.3	2.1	3	7.8	1.6	152.1	0	152.1	507.1	163.6	44.8	54.8	0	64	254.7	157.8	23	69.2	59.4	0.2	36.2	7.1	0	0	0	125.2	94	31.2	16.7	6.8	3.3	1	6.7	2	4000	19600	17.9	5.1
15	C57	Vegan	153.1	1	11.2	3.6	6.7	11.3	7.1	4.9	7.3	2.1	3	7.8	1.6	152.1	0	152.1	507.1	163.6	44.8	54.8	0	64	254.7	157.8	23	69.2	59.4	0.2	36.2	7.1	0	0	0	125.2	94	31.2	16.7	6.8	3.3	1	6.7	2	4000	19600	17.9	5.1
16	C57	Vegan	153.1	1	11.2	3.6	6.7	11.3	7.1	4.9	7.3	2.1	3	7.8	1.6	152.1	0	152.1	507.1	163.6	44.8	54.8	0	64	254.7	157.8	23	69.2	59.4	0.2	36.2	7.1	0	0	0	125.2	94	31.2	16.7	6.8	3.3	1	6.7	2	4000	19600	17.9	5.1
17	AJ	American	152.7	0.6	9	3.7	6.7	11.9	7.7	5.7	9.6	3.3	2.4	7.3	1.6	152.1	92.3	59.9	507.1	199.7	39.2	54.3	11.9	94.4	263.3	157.8	53.8	56	36.8	3.5	29.7	3.9	0	0	0.47	32.1	20.8	10.6	3.2	6.6	3.4	0.9	6.6	2	4007	2410	0	0
18	AJ	American	152.7	0.6	9	3.7	6.7	11.9	7.7	5.7	9.6	3.3	2.4	7.3	1.6	152.1	92.3	59.9	507.1	199.7	39.2	54.3	11.9	94.4	263.3	157.8	53.8	56	36.8	3.5	29.7	3.9	0	0	0.47	32.1	20.8	10.6	3.2	6.6	3.4	0.9	6.6	2	4007	2410	0	0
19	AJ	American	152.7	0.6	9	3.7	6.7	11.9	7.7	5.7	9.6	3.3	2.4	7.3	1.6	152.1	92.3	59.9	507.1	199.7	39.2	54.3	11.9	94.4	263.3	157.8	53.8	56	36.8	3.5	29.7	3.9	0	0	0.47	32.1	20.8	10.6	3.2	6.6	3.4	0.9	6.6	2	4007	2410	0	0
20	AJ	American	152.7	0.6	9	3.7	6.7	11.9	7.7	5.7	9.6	3.3	2.4	7.3	1.6	152.1	92.3	59.9	507.1	199.7	39.2	54.3	11.9	94.4	263.3	157.8	53.8	56	36.8	3.5	29.7	3.9	0	0	0.47	32.1	20.8	10.6	3.2	6.6	3.4	0.9	6.6	2	4007	2410	0	0
21	AJ	Mediterranean	152.6	0.5	9.9	3.8	6.9	12.2	7.6	5.9	9.7	3.2	2.3	7.5	1.7	152.1	76.5	75.6	507.1	171.4	63	61.9	8.3	38.2	293	157.8	33.5	78.1	38	1.1	14.9	6.1	1.9	1.4	0.425	81	62.7	17.7	11.6	6.7	3.4	0.7	6.4	2	4006	21280	17.9	5.1
22	AJ	Mediterranean	152.6	0.5	9.9	3.8	6.9	12.2	7.6	5.9	9.7	3.2	2.3	7.5	1.7	152.1	76.5	75.6	507.1	171.4	63	61.9	8.3	38.2	293	157.8	33.5	78.1	38	1.1	14.9	6.1	1.9	1.4	0.425	81	62.7	17.7	11.6	6.7	3.4	0.7	6.4	2	4006	21280	17.9	5.1
23	AJ	Mediterranean	152.6	0.5	9.9	3.8	6.9	12.2	7.6	5.9	9.7	3.2	2.3	7.5	1.7	152.1	76.5	75.6	507.1	171.4	63	61.9	8.3	38.2	293	157.8	33.5	78.1	38	1.1	14.9	6.1	1.9	1.4	0.425	81	62.7	17.7	11.6	6.7	3.4	0.7	6.4	2	4006	21280	17.9	5.1
24	AJ	Mediterranean	152.6	0.5	9.9	3.8	6.9	12.2	7.6	5.9	9.7	3.2	2.3	7.5	1.7	152.1	76.5	75.6	507.1	171.4	63	61.9	8.3	38.2	293	157.8	33.5	78.1	38	1.1	14.9	6.1	1.9	1.4	0.425	81	62.7	17.7	11.6	6.7	3.4	0.7	6.4	2	4006	21280	17.9	5.1
25	AJ	Vegetarian	152.6	0.5	10.2	3.7	6.9	12	7.6	5.4	8	2.9	2.6	7.9	1.7	152.1	44.4	107.8	507.1	186.6	41.3	47.1	41.9	56.3	256.3	157.8	40.7	58.9	49.7	1.4	31.8	6.5	0	0	0.18	111.7	86.8	24.8	15.3	6.7	3.5	0.9	6.4	2	4006	19250	17.9	5.1
26	AJ	Vegetarian	152.6	0.5	10.2	3.7	6.9	12	7.6	5.4	8	2.9	2.6	7.9	1.7	152.1	44.4	107.8	507.1	186.6	41.3	47.1	41.9	56.3	256.3	157.8	40.7	58.9	49.7	1.4	31.8	6.5	0	0	0.18	111.7	86.8	24.8	15.3	6.7	3.5	0.9	6.4	2	4006	19250	17.9	5.1
27	AJ	Vegetarian	152.6	0.5	10.2	3.7	6.9	12	7.6	5.4	8	2.9	2.6	7.9	1.7	152.1	44.4	107.8	507.1	186.6	41.3	47.1	41.9	56.3	256.3	157.8	40.7	58.9	49.7	1.4	31.8	6.5	0	0	0.18	111.7	86.8	24.8	15.3	6.7	3.5	0.9	6.4	2	4006	19250	17.9	5.1
28	AJ	Vegetarian	152.6	0.5	10.2	3.7	6.9	12	7.6	5.4	8	2.9	2.6	7.9	1.7	152.1	44.4	107.8	507.1	186.6	41.3	47.1	41.9	56.3	256.3	157.8	40.7	58.9	49.7	1.4	31.8	6.5	0	0	0.18	111.7	86.8	24.8	15.3	6.7	3.5	0.9	6.4	2	4006	19250	17.9	5.1
29	AJ	Vegan	153.1	1	11.2	3.6	6.7	11.3	7.1	4.9	7.3	2.1	3	7.8	1.6	152.1	0	152.1	507.1	163.6	44.8	54.8	0	64	254.7	157.8	23	69.2	59.4	0.2	36.2	7.1	0	0	0	125.2	94	31.2	16.7	6.8	3.3	1	6.7	2	4000	19600	17.9	5.1
30	AJ	Vegan	153.1	1	11.2	3.6	6.7	11.3	7.1	4.9	7.3	2.1	3	7.8	1.6	152.1	0	152.1	507.1	163.6	44.8	54.8	0	64	254.7	157.8	23	69.2	59.4	0.2	36.2	7.1	0	0	0	125.2	94	31.2	16.7	6.8	3.3	1	6.7	2	4000	19600	17.9	5.1
31	AJ	Vegan	153.1	1	11.2	3.6	6.7	11.3	7.1	4.9	7.3	2.1	3	7.8	1.6	152.1	0	152.1	507.1	163.6	44.8	54.8	0	64	254.7	157.8	23	69.2	59.4	0.2	36.2	7.1	0	0	0	125.2	94	31.2	16.7	6.8	3.3	1	6.7	2	4000	19600	17.9	5.1
32	AJ	Vegan	153.1	1	11.2	3.6	6.7	11.3	7.1	4.9	7.3	2.1	3	7.8	1.6	152.1	0	152.1	507.1	163.6	44.8	54.8	0	64	254.7	157.8	23	69.2	59.4	0.2	36.2	7.1	0	0	0	125.2	94	31.2	16.7	6.8	3.3	1	6.7	2	4000	19600	17.9	5.1
33	DBA	American	152.7	0.6	9	3.7	6.7	11.9	7.7	5.7	9.6	3.3	2.4	7.3	1.6	152.1	92.3	59.9	507.1	199.7	39.2	54.3	11.9	94.4	263.3	157.8	53.8	56	36.8	3.5	29.7	3.9	0	0	0.47	32.1	20.8	10.6	3.2	6.6	3.4	0.9	6.6	2	4007	2410	0	0
34	DBA	American	152.7	0.6	9	3.7	6.7	11.9	7.7	5.7	9.6	3.3	2.4	7.3	1.6	152.1	92.3	59.9	507.1	199.7	39.2	54.3	11.9	94.4	263.3	157.8	53.8	56	36.8	3.5	29.7	3.9	0	0	0.47	32.1	20.8	10.6	3.2	6.6	3.4	0.9	6.6	2	4007	2410	0	0
35	DBA	American	152.7	0.6	9	3.7	6.7	11.9	7.7	5.7	9.6	3.3	2.4	7.3	1.6	152.1	92.3	59.9	507.1	199.7	39.2	54.3	11.9	94.4	263.3	157.8	53.8	56	36.8	3.5	29.7	3.9	0	0	0.47	32.1	20.8	10.6	3.2	6.6	3.4	0.9	6.6	2	4007	2410	0	0
36	DBA	American	152.7	0.6	9	3.7	6.7	11.9	7.7	5.7	9.6	3.3	2.4	7.3	1.6	152.1	92.3	59.9	507.1	199.7	39.2	54.3	11.9	94.4	263.3	157.8	53.8	56	36.8	3.5	29.7	3.9	0	0	0.47	32.1	20.8	10.6	3.2	6.6	3.4	0.9	6.6	2	4007	2410	0	0
37	DBA	Mediterranean	152.6	0.5	9.9	3.8	6.9	12.2	7.6	5.9	9.7	3.2	2.3	7.5	1.7	152.1	76.5	75.6	507.1	171.4	63	61.9	8.3	38.2	293	157.8	33.5	78.1	38	1.1	14.9	6.1	1.9	1.4	0.425	81	62.7	17.7	11.6	6.7	3.4	0.7	6.4	2	4006	21280	17.9	5.1
38	DBA	Mediterranean	152.6	0.5	9.9	3.8	6.9	12.2	7.6	5.9	9.7	3.2	2.3	7.5	1.7	152.1	76.5	75.6	507.1	171.4	63	61.9	8.3	38.2	293	157.8	33.5	78.1	38	1.1	14.9	6.1	1.9	1.4	0.425	81	62.7	17.7	11.6	6.7	3.4	0.7	6.4	2	4006	21280	17.9	5.1
39	DBA	Mediterranean	152.6	0.5	9.9	3.8	6.9	12.2	7.6	5.9	9.7	3.2	2.3	7.5	1.7	152.1	76.5	75.6	507.1	171.4	63	61.9	8.3	38.2	293	157.8	33.5	78.1	38	1.1	14.9	6.1	1.9	1.4	0.425	81	62.7	17.7	11.6	6.7	3.4	0.7	6.4	2	4006	21280	17.9	5.1
40	DBA	Mediterranean	152.6	0.5	9.9	3.8	6.9	12.2	7.6	5.9	9.7	3.2	2.3	7.5	1.7	152.1	76.5	75.6	507.1	171.4	63	61.9	8.3	38.2	293	157.8	33.5	78.1	38	1.1	14.9	6.1	1.9	1.4	0.425	81	62.7	17.7	11.6	6.7	3.4	0.7	6.4	2	4006	21280	17.9	5.1
41	DBA	Vegetarian	152.6	0.5	10.2	3.7	6.9	12	7.6	5.4	8	2.9	2.6	7.9	1.7	152.1	44.4	107.8	507.1	186.6	41.3	47.1	41.9	56.3	256.3	157.8	40.7	58.9	49.7	1.4	31.8	6.5	0	0	0.18	111.7	86.8	24.8	15.3	6.7	3.5	0.9	6.4	2	4006	19250	17.9	5.1
42	DBA	Vegetarian	152.6	0.5	10.2	3.7	6.9	12	7.6	5.4	8	2.9	2.6	7.9	1.7	152.1	44.4	107.8	507.1	186.6	41.3	47.1	41.9	56.3	256.3	157.8	40.7	58.9	49.7	1.4	31.8	6.5	0	0	0.18	111.7	86.8	24.8	15.3	6.7	3.5	0.9	6.4	2	4006	19250	17.9	5.1
43	DBA	Vegetarian	152.6	0.5	10.2	3.7	6.9	12	7.6	5.4	8	2.9	2.6	7.9	1.7	152.1	44.4	107.8	507.1	186.6	41.3	47.1	41.9	56.3	256.3	157.8	40.7	58.9	49.7	1.4	31.8	6.5	0	0	0.18	111.7	86.8	24.8	15.3	6.7	3.5	0.9	6.4	2	4006	19250	17.9	5.1
44	DBA	Vegetarian	152.6	0.5	10.2	3.7	6.9	12	7.6	5.4	8	2.9	2.6	7.9	1.7	152.1	44.4	107.8	507.1	186.6	41.3	47.1	41.9	56.3	256.3	157.8	40.7	58.9	49.7	1.4	31.8	6.5	0	0	0.18	111.7	86.8	24.8	15.3	6.7	3.5	0.9	6.4	2	4006	19250	17.9	5.1
45	DBA	Vegan	153.1	1	11.2	3.6	6.7	11.3	7.1	4.9	7.3	2.1	3	7.8	1.6	152.1	0	152.1	507.1	163.6	44.8	54.8	0	64	254.7	157.8	23	69.2	59.4	0.2	36.2	7.1	0	0	0	125.2	94	31.2	16.7	6.8	3.3	1	6.7	2	4000	19600	17.9	5.1
46	DBA	Vegan	153.1	1	11.2	3.6	6.7	11.3	7.1	4.9	7.3	2.1	3	7.8	1.6	152.1	0	152.1	507.1	163.6	44.8	54.8	0	64	254.7	157.8	23	69.2	59.4	0.2	36.2	7.1	0	0	0	125.2	94	31.2	16.7	6.8	3.3	1	6.7	2	4000	19600	17.9	5.1
47	DBA	Vegan	153.1	1	11.2	3.6	6.7	11.3	7.1	4.9	7.3	2.1	3	7.8	1.6	152.1	0	152.1	507.1	163.6	44.8	54.8	0	64	254.7	157.8	23	69.2	59.4	0.2	36.2	7.1	0	0	0	125.2	94	31.2	16.7	6.8	3.3	1	6.7	2	4000	19600	17.9	5.1
48	DBA	Vegan	153.1	1	11.2	3.6	6.7	11.3	7.1	4.9	7.3	2.1	3	7.8	1.6	152.1	0	152.1	507.1	163.6	44.8	54.8	0	64	254.7	157.8	23	69.2	59.4	0.2	36.2	7.1	0	0	0	125.2	94	31.2	16.7	6.8	3.3	1	6.7	2	4000	19600	17.9	5.1
49	SJL	American	152.7	0.6	9	3.7	6.7	11.9	7.7	5.7	9.6	3.3	2.4	7.3	1.6	152.1	92.3	59.9	507.1	199.7	39.2	54.3	11.9	94.4	263.3	157.8	53.8	56	36.8	3.5	29.7	3.9	0	0	0.47	32.1	20.8	10.6	3.2	6.6	3.4	0.9	6.6	2	4007	2410	0	0
50	SJL	American	152.7	0.6	9	3.7	6.7	11.9	7.7	5.7	9.6	3.3	2.4	7.3	1.6	152.1	92.3	59.9	507.1	199.7	39.2	54.3	11.9	94.4	263.3	157.8	53.8	56	36.8	3.5	29.7	3.9	0	0	0.47	32.1	20.8	10.6	3.2	6.6	3.4	0.9	6.6	2	4007	2410	0	0
51	SJL	American	152.7	0.6	9	3.7	6.7	11.9	7.7	5.7	9.6	3.3	2.4	7.3	1.6	152.1	92.3	59.9	507.1	199.7	39.2	54.3	11.9	94.4	263.3	157.8	53.8	56	36.8	3.5	29.7	3.9	0	0	0.47	32.1	20.8	10.6	3.2	6.6	3.4	0.9	6.6	2	4007	2410	0	0
52	SJL	American	152.7	0.6	9	3.7	6.7	11.9	7.7	5.7	9.6	3.3	2.4	7.3	1.6	152.1	92.3	59.9	507.1	199.7	39.2	54.3	11.9	94.4	263.3	157.8	53.8	56	36.8	3.5	29.7	3.9	0	0	0.47	32.1	20.8	10.6	3.2	6.6	3.4	0.9	6.6	2	4007	2410	0	0
53	SJL	Mediterranean	152.6	0.5	9.9	3.8	6.9	12.2	7.6	5.9	9.7	3.2	2.3	7.5	1.7	152.1	76.5	75.6	507.1	171.4	63	61.9	8.3	38.2	293	157.8	33.5	78.1	38	1.1	14.9	6.1	1.9	1.4	0.425	81	62.7	17.7	11.6	6.7	3.4	0.7	6.4	2	4006	21280	17.9	5.1
54	SJL	Mediterranean	152.6	0.5	9.9	3.8	6.9	12.2	7.6	5.9	9.7	3.2	2.3	7.5	1.7	152.1	76.5	75.6	507.1	171.4	63	61.9	8.3	38.2	293	157.8	33.5	78.1	38	1.1	14.9	6.1	1.9	1.4	0.425	81	62.7	17.7	11.6	6.7	3.4	0.7	6.4	2	4006	21280	17.9	5.1
55	SJL	Mediterranean	152.6	0.5	9.9	3.8	6.9	12.2	7.6	5.9	9.7	3.2	2.3	7.5	1.7	152.1	76.5	75.6	507.1	171.4	63	61.9	8.3	38.2	293	157.8	33.5	78.1	38	1.1	14.9	6.1	1.9	1.4	0.425	81	62.7	17.7	11.6	6.7	3.4	0.7	6.4	2	4006	21280	17.9	5.1
56	SJL	Mediterranean	152.6	0.5	9.9	3.8	6.9	12.2	7.6	5.9	9.7	3.2	2.3	7.5	1.7	152.1	76.5	75.6	507.1	171.4	63	61.9	8.3	38.2	293	157.8	33.5	78.1	38	1.1	14.9	6.1	1.9	1.4	0.425	81	62.7	17.7	11.6	6.7	3.4	0.7	6.4	2	4006	21280	17.9	5.1
57	SJL	Vegetarian	152.6	0.5	10.2	3.7	6.9	12	7.6	5.4	8	2.9	2.6	7.9	1.7	152.1	44.4	107.8	507.1	186.6	41.3	47.1	41.9	56.3	256.3	157.8	40.7	58.9	49.7	1.4	31.8	6.5	0	0	0.18	111.7	86.8	24.8	15.3	6.7	3.5	0.9	6.4	2	4006	19250	17.9	5.1
58	SJL	Vegetarian	152.6	0.5	10.2	3.7	6.9	12	7.6	5.4	8	2.9	2.6	7.9	1.7	152.1	44.4	107.8	507.1	186.6	41.3	47.1	41.9	56.3	256.3	157.8	40.7	58.9	49.7	1.4	31.8	6.5	0	0	0.18	111.7	86.8	24.8	15.3	6.7	3.5	0.9	6.4	2	4006	19250	17.9	5.1
59	SJL	Vegetarian	152.6	0.5	10.2	3.7	6.9	12	7.6	5.4	8	2.9	2.6	7.9	1.7	152.1	44.4	107.8	507.1	186.6	41.3	47.1	41.9	56.3	256.3	157.8	40.7	58.9	49.7	1.4	31.8	6.5	0	0	0.18	111.7	86.8	24.8	15.3	6.7	3.5	0.9	6.4	2	4006	19250	17.9	5.1
60	SJL	Vegetarian	152.6	0.5	10.2	3.7	6.9	12	7.6	5.4	8	2.9	2.6	7.9	1.7	152.1	44.4	107.8	507.1	186.6	41.3	47.1	41.9	56.3	256.3	157.8	40.7	58.9	49.7	1.4	31.8	6.5	0	0	0.18	111.7	86.8	24.8	15.3	6.7	3.5	0.9	6.4	2	4006	19250	17.9	5.1
61	SJL	Vegan	153.1	1	11.2	3.6	6.7	11.3	7.1	4.9	7.3	2.1	3	7.8	1.6	152.1	0	152.1	507.1	163.6	44.8	54.8	0	64	254.7	157.8	23	69.2	59.4	0.2	36.2	7.1	0	0	0	125.2	94	31.2	16.7	6.8	3.3	1	6.7	2	4000	19600	17.9	5.1
62	SJL	Vegan	153.1	1	11.2	3.6	6.7	11.3	7.1	4.9	7.3	2.1	3	7.8	1.6	152.1	0	152.1	507.1	163.6	44.8	54.8	0	64	254.7	157.8	23	69.2	59.4	0.2	36.2	7.1	0	0	0	125.2	94	31.2	16.7	6.8	3.3	1	6.7	2	4000	19600	17.9	5.1
63	SJL	Vegan	153.1	1	11.2	3.6	6.7	11.3	7.1	4.9	7.3	2.1	3	7.8	1.6	152.1	0	152.1	507.1	163.6	44.8	54.8	0	64	254.7	157.8	23	69.2	59.4	0.2	36.2	7.1	0	0	0	125.2	94	31.2	16.7	6.8	3.3	1	6.7	2	4000	19600	17.9	5.1
64	SJL	Vegan	153.1	1	11.2	3.6	6.7	11.3	7.1	4.9	7.3	2.1	3	7.8	1.6	152.1	0	152.1	507.1	163.6	44.8	54.8	0	64	254.7	157.8	23	69.2	59.4	0.2	36.2	7.1	0	0	0	125.2	94	31.2	16.7	6.8	3.3	1	6.7	2	4000	19600	17.9	5.1
