Module	VAT_1	VAT_12	VAT_13	VAT_16	VAT_17	VAT_2	VAT_20	VAT_22	VAT_24	VAT_25	VAT_27	VAT_30	VAT_32	VAT_33	VAT_34	VAT_39	VAT_40	VAT_42	VAT_43	VAT_45	VAT_48	VAT_49	VAT_53	VAT_54	VAT_57	VAT_59	VAT_63	VAT_64	VAT_7	VAT_8	VAT_9
P1_I9_M1	0.0629478099916583	0.0415455971128359	-0.418871070713499	-0.331814058680652	-0.0309689374744004	-0.0627503220046135	0.153788065076771	0.0311233361592879	-0.254932062019767	0.229738938742352	0.0171347285585668	0.1459680687722	-0.0161726941219262	0.177933646120436	0.186796093512172	0.0689350337117879	0.196251117841099	0.114386458292294	0.150483177712255	0.00261243850063402	0.212734791712735	-0.337666437062247	0.0962250753788107	-0.0358149894257964	-0.454406203676758	0.0501575758379877	0.0711673686729616	0.00129167783560658	-0.0984716692803926	0.0140007232993129	0.0166467216182886
P1_I9_M10	0.225235787841159	0.266677203406161	-0.0305717737670876	-0.00818928500323093	-0.210065966288516	0.127879783178723	-0.197140875875556	-0.196243061853582	-0.0329221623619642	-0.13737159170738	-0.158249309459841	-0.153126286060443	-0.244918364928377	-0.150092025561027	-0.0508894619495073	-0.169991927948775	-0.164299946776718	-0.122420633295759	-0.178614446058813	-0.20201594157669	-0.107832194399661	0.0799115622426094	0.277815785195949	0.204442970433969	-0.00833085477630782	0.24355172344862	0.256237850569975	0.236883475536982	0.164005878561135	0.217032944774365	0.223611144459591
P1_I9_M2	-0.145074506676051	-0.180811701221132	0.413976137373292	0.383638732172635	0.0311681895803828	-0.0207794499882718	-0.226113536385895	-0.055437218431363	0.192020638291662	-0.147782939066052	0.136645058714878	-0.177653667512488	-0.202627276725164	-0.0468770554869174	-0.134368415440766	-0.00697565021502103	-0.207185908537547	0.0236917150357814	-0.186240901356654	0.102971114158553	-0.0723385515319023	0.306774623560421	-0.0406378838396786	0.0165517103397864	0.354468525004607	-0.142991444632944	-0.137713764255224	0.0535744573584542	0.151960866090268	0.0823080587921318	-0.118139955169783
P1_I9_M3	-0.0715159866801983	-0.049774998620153	-0.119809053176857	-0.13273145906	-0.0798413535939759	-0.151966672790304	-0.127857218401464	-0.132865655058682	-0.0979085789185872	0.407957818951294	-0.104747631472072	0.319280524053123	-0.123812898795792	0.296595015324048	0.332642076002825	0.234194471093069	0.149594319357862	-0.129670515672398	0.155994193635171	-0.00852185282145253	0.353392304356014	-0.178478399628896	0.0338319227637098	-0.156690906351462	-0.184953667733931	-0.139498699104161	0.0536980566071321	-0.134931455356955	-0.0270242105643639	-0.110771263345313	-0.0738082249972311
P1_I9_M4	0.0962194493830593	-0.10357368543863	-0.0916442970870545	-0.168718813899419	-0.114331165845392	0.560171623812857	-0.150759457132996	0.350087592280337	0.0628899350776493	0.129401654506798	-0.133021343384792	-0.0135530018430337	0.0576433505494228	-0.117557444234732	-0.0684356143703017	-0.107401399526663	-0.151850141860234	-0.0952230832417123	-0.12860154009536	0.232315187409082	0.0687845945612952	-0.103937989818727	0.268185896577286	-0.185705254500049	-0.211546592214943	0.15161874507268	0.0498208099987091	0.247534602795692	-0.153507644842842	-0.0426450401487034	-0.132659932539281
P1_I9_M5	0.373971434014832	0.375620852355972	0.0789745055918704	0.128998894261717	-0.115156817387206	0.271084722508266	-0.0875167627641858	-0.121156881386982	-0.118938778926886	-0.0721280034312887	-0.0670402956092203	-0.0853238685631099	-0.123483783481037	-0.0921683473037878	-0.105687659565927	-0.0967973775612158	-0.104345926483479	-0.122471654456234	-0.109193990090096	-0.143029662701359	-0.103420381123021	-0.0715999863497571	-0.100857506971397	-0.105550018850627	-0.0722922943333775	-0.0822305181719248	-0.1108566763502	-0.084760625374005	0.298401922681446	0.37644627824256	0.392509207579659
P1_I9_M6	-0.113772472369292	-0.0993214923685236	-0.150389632935667	-0.13611275129171	-0.117019815774633	-0.133571200456652	-0.0975551908171417	-0.0605417538952527	0.118599217648485	-0.090265604618084	-0.103326622854861	-0.0976842262866449	-0.11845274164988	-0.0910296897615966	0.00923955061404547	-0.10357571991856	-0.0931708664176871	-0.0252981592344778	-0.104974995925597	-0.106517890884005	-0.0622277258201813	0.174664076276717	0.397420658126258	0.325817035910036	0.0900510611736486	0.376720569956674	0.405844561410539	0.358969520962206	-0.13663229542169	-0.103905354762846	-0.111980048613629
P1_I9_M7	0.190398709351399	0.0186069714570968	-0.171211658185434	-0.0811641306600044	0.148635057173562	0.0063991350787065	-0.104287489115781	-0.048509566224795	0.792291255509502	-0.082512291887291	-0.13455920417128	-0.073604371807592	0.0208032432349451	0.0277305866778026	0.0699520824550723	0.0205489437418073	-0.0715195641789113	-0.0841828191449604	0.0419820240193478	-0.0461931943452892	-0.0881706389372761	-0.129139480463889	0.0323237091102864	-0.0622546500226035	-0.211814357921088	0.32139017275592	0.00432256908661521	-0.0519038022259538	-0.00845416591810665	-0.144386935021302	-0.101516139420508
P1_I9_M8	0.103861998915503	-0.0376791094072473	-0.195319426636697	-0.160818518736741	0.190960304794735	0.20482421765814	-0.140725398865278	0.0915037973337185	0.567217120236702	-0.165527544807654	-0.0608964139647236	-0.0411365891215548	0.211210778449807	-0.112677497684667	-0.0730489467259078	0.0271492321099147	-0.122022217614407	-0.171022258320181	-0.0165403801595221	0.0322930825699668	-0.204766585427839	-0.0961043105215216	0.0516691986546167	0.126424870999611	-0.328081202257843	0.241336613002187	0.176778712294717	0.0518724500688117	0.0512492632049145	-0.275850043668635	0.0738648036270765
P1_I9_M9	0.20018828742328	0.226395632632118	-0.0333308984957349	0.00966006813613019	0.183315100486951	0.129447028859073	0.277289067664589	0.192834886481382	0.00828853467675682	0.190094918936047	0.178814697354919	0.232517204780039	0.204379725161026	-0.172461341594624	-0.177854838597948	-0.192361686700563	-0.196885836094713	-0.193582788856739	-0.199467883651177	-0.207163856682939	-0.146927667755778	-0.160680597686995	-0.166610092632362	-0.169708082687313	-0.169364209710707	-0.125943422735322	-0.157563626489901	-0.16118483191187	0.153188229253703	0.226790075310526	0.217888205128148
P10_I3_M1	-0.0208837053569746	-0.0157396758256085	-0.132172067310484	-0.126322128937162	-0.279144618110784	-0.0520392788788023	-0.166642341552655	-0.231037807281888	-0.224298366175395	0.0600234966427212	-0.184756626052015	-0.167192439728426	-0.251269063530011	0.277060365469356	0.318422092713712	0.265062464372215	0.309367237601571	0.22510344219056	0.302041519862658	0.230362584051398	0.161446467765153	-0.123321614237549	0.0133914225520049	0.0811020407740978	-0.158598351628172	-0.0228675872635555	0.017910384646053	0.00127685896321716	-0.107009004353659	-0.0138779582150138	0.0146022568334391
P10_I3_M2	-0.0136638887457233	-0.067612858472364	-0.32906267809277	-0.314941921431051	0.0948349241164193	-0.0472771261162121	-0.12511567880733	0.114464564471142	-0.214294012043439	-0.0113252177834004	0.0475855630914586	0.0641618026530056	0.307101442301542	0.116749123181676	0.202932667124233	0.308032778691723	0.0962223955036652	0.0221293437300238	0.166425226464473	0.221664041549156	0.020534304806544	-0.269516702108697	-0.0951340311848945	0.194701278744758	-0.357589438976855	-0.0528287551930618	0.0616147974645495	-0.027668621539606	-0.0271010177255467	-0.272237365522472	0.186215059849052
P10_I3_M3	-0.0672593903054504	0.031632425084294	0.374440038288708	0.196796289065979	-0.235955970178196	-0.223079269689963	0.254747462515485	-0.131649787879817	-0.00315464111017086	0.173008542195596	0.0476283956059197	0.00138655683471957	-0.373658986254759	0.0731324709510599	-0.0127034786783522	-0.238570368785243	0.235772446760857	0.119911502138615	-0.0004762462747511	-0.120560073453117	0.245093877954884	-0.00293539252696012	0.153836485698647	-0.214411990144747	0.127691993774847	-0.106123816751585	-0.129153570303515	-0.068192513386163	-0.00041954993410892	0.196409234469966	-0.303182675682678
P10_I3_M4	0.144168029252385	0.493356644012236	-0.0902346374112951	-0.235698544995709	-0.0941426515392464	-0.156951095450608	0.124460908735704	0.0139993253160692	-0.201739641875335	-0.065227224874844	-0.0155479185569328	0.184002755584134	0.0627257201885109	-0.163912222293967	-0.115295077738714	-0.260542487740873	-0.106297041443038	-0.0838334637848997	-0.129719739935142	-0.278185065377981	0.0201600032184657	-0.0834725367460466	0.291408169224773	0.0215079065808404	-0.24317491769143	0.153922136748724	0.218889440296928	0.119138829190423	0.222362936268312	0.128727476250092	0.125143986588466
P10_I3_M5	-0.115468145224531	-0.100400987596753	-0.142210355809048	-0.0812504939361897	-0.120442059077767	-0.0681948194393303	-0.0566617947205357	-0.0421365549739969	-0.0831638763627866	0.553674453575014	-0.106635275027387	0.132896954023453	-0.113143691342291	0.333039465515519	0.309023958121511	0.251001789129011	0.101693121368937	-0.0573538368609259	0.0631832551289316	-0.0491403921181769	0.401916778680554	-0.160739249394727	-0.0180040990454591	-0.146978823449427	-0.144696232791715	-0.123560306891296	-0.0649978797182968	-0.0920339794755121	-0.0766619653080406	-0.0834886884522415	-0.0990662685264974
P11_I1_M2	-0.296871568725867	-0.331756307426607	0.401755433026441	0.320124747819977	0.0893324801254883	-0.311168304274525	-0.0583266716057911	-0.0328109067514175	0.0982056449770862	0.0460228717027887	0.138773487823999	0.0256733299838459	-0.0498828687910809	0.0277892595804701	-0.0357825152692289	-0.0458032247459113	-0.0937330830698292	0.0123420755271008	-0.00490334327498431	0.0654607975679152	0.0863648900764504	0.338464775103977	-0.0824233151070175	0.0184956074344246	0.338487328543066	-0.169618081680001	-0.0852095849444766	-0.00480532913248457	-0.015048735903692	-0.0912747090317129	-0.297874179558402
P11_I1_M3	0.040616636799777	0.14792521596069	-0.236924766099127	-0.360082592372436	-0.143787198453747	-0.115975226281064	0.397031967269403	-0.0173276971030486	-0.0180232212157475	0.067639020193773	0.0391997070349297	0.0475567452522202	-0.203057578153139	0.15276477565949	0.144421621351669	-0.0539389429249015	0.413993002545825	0.142903212919667	0.0938728081258555	0.0327508590821978	0.174630069598384	-0.304267784696768	0.190934413266958	-0.178874231645328	-0.299842242977609	0.0473886682384068	0.00231365028388274	0.00397027933360388	-0.0377530156982942	-0.0727560026873896	-0.0973021526081346
P11_I1_M5	0.214106816739257	0.113865991814777	-0.236327363552124	-0.13572111680453	0.0676723698416364	0.178752011254747	0.254991938573955	0.128806918354176	-0.0247276498619784	0.166998134258667	0.0987766777320201	0.193777516103265	0.170147274676836	-0.212725265289889	-0.199065305113226	-0.247789740758836	-0.215248657542494	-0.231144248454823	-0.240384624198722	-0.280200329013934	-0.17545960973492	-0.156017071813698	0.0999167451285807	0.0798174744708347	-0.230292797081484	0.106599565562775	0.120541722466022	0.0567234616274966	0.0882935820628479	0.19910273627252	0.246212842280245
P12_I2_M1	0.0540766413140832	-0.124096818773636	-0.355960413521493	-0.305410399437147	0.144830712308704	0.239227388546657	-0.200399619500749	0.0840997020966779	0.267834494375584	-0.0921743869235823	-0.113358197200494	-0.0360207065906739	0.171943423256916	0.00886177996129078	0.0518478677636491	0.205336253716164	-0.0172362692111984	-0.0919590275971353	0.112428995801802	0.11719606206375	-0.074647679319642	-0.193595555751539	0.0236379345276613	0.210409624533836	-0.393696664505727	0.176774679737255	0.224745959471346	0.0842157318597684	-0.0207064299817169	-0.288359409294991	0.130154326274578
P2_I12_M1	0.0598747567039012	-0.10023545864072	-0.259204264835323	-0.153152597885882	-0.130025677042947	0.0594719821533953	0.0226879394072371	-0.115708655356604	-0.253691899467017	0.145474921157294	-0.0865852469060931	-0.0601084697542606	-0.17169322747453	0.29930475215897	0.324781754780601	0.260533773172661	0.332673482176523	0.207698605711772	0.234821632393106	0.182075550308027	0.180823514478804	-0.267736506953218	-0.0694824557373027	-0.0476428831252995	-0.281542014083797	-0.0995219316964234	-0.0673955178064618	-0.076390859489599	-0.126368241733314	-0.000524282516744939	0.0567875259032476
P2_I12_M10	-0.207693464609146	-0.206633039782859	0.331614189443698	0.314376135125108	-0.0577619430323777	-0.172363074702785	-0.278489785032206	-0.177880617205838	0.0658566368995722	0.253311395344809	0.00979145884464362	0.153365430800592	-0.276747556016556	0.1630132022191	0.154641757797402	0.141023486026301	-0.0188716609283444	-0.103105593355272	0.0127100787821757	0.0287242204998896	0.211303515607521	0.191233095551555	-0.0486826502743127	-0.139605370944472	0.28032848188561	-0.267879240058261	-0.0991386029268201	-0.0778800717199364	0.0399639487713478	-0.016325641718432	-0.202198721291708
P2_I12_M12	-0.11329235370943	-0.111405011709877	0.662034792277958	0.5777422491607	-0.0710016284468282	-0.0449586166485298	-0.105244985661036	-0.0311227170869901	0.0530309100493112	-0.0688861011374251	0.220250680221722	-0.0863669344188266	-0.129120322049393	-0.0404328909826284	-0.0704890510509902	-0.0533552383121794	-0.096036087056541	0.0106229073900992	-0.0980302285217386	0.130182780972629	-0.00440582339250318	0.0383952888690318	-0.0601082606552118	-0.112098194414067	0.0444247511086717	-0.111177335188123	-0.106435061467081	-0.0637979036345185	-0.027895017693543	-0.0404112550282305	-0.0906133417844318
P2_I12_M13	0.134030497780304	0.0518124759097986	-0.467070138042869	-0.373462712976333	0.0870932325606233	-0.00503057791291018	0.0777850353882951	0.0333828230352257	0.324798507269676	0.0560880861794697	-0.0334652218704184	0.0710062015796487	0.0956073279416705	0.0701357790516102	0.0949891605065862	0.0222619760716452	0.0965581895433679	0.0333417864091788	0.107203751341549	-0.0238725579131815	0.0485189623433016	-0.293210352456787	0.0962378514507691	0.00735259642631407	-0.524377877752314	0.204138152467921	0.118122089530091	-0.00665614323774689	-0.0457688791314242	-0.112544014874535	0.0549939933814739
P2_I12_M14	-0.0940720679997203	-0.137417696821335	0.0783683956815812	0.0725146032078906	0.114297599322405	-0.0837009817946057	-0.174265239107316	-0.085295955940728	0.213460341846232	-0.143202604243737	-0.0687067857238701	-0.150827698200146	-0.153642486380046	-0.0980032549811636	-0.0939802864672361	0.0187544170030133	-0.169661879294607	-0.0456526531440789	-0.144651243235504	-0.0370446827744275	-0.111440141338367	0.479795755505608	-0.0398840584746535	0.09800564617442	0.538323759925207	-0.11766795496411	-0.153677126676756	0.14322241122708	0.277817132952624	0.162481059565857	-0.0942463248495096
P2_I12_M15	-0.041122433111154	-0.107294888592975	-0.155179815086551	-0.160276549428268	0.304924031051779	-0.0324964877061525	0.402810624874723	0.291633653170746	0.0848310733228582	0.314877193522841	0.25785301682932	0.368477498644184	0.292664656472189	-0.0660884065456616	-0.0658365949706987	-0.0919851174769637	-0.0751326869869363	-0.0925506177347108	-0.0901775806411663	-0.104179127849005	-0.0614061149313659	-0.150671839754346	-0.0766629400033032	-0.12308858352805	-0.179164974903182	-0.102034445132076	-0.0854192497560984	-0.121691424065221	-0.137619672782936	-0.113310247641781	-0.0846819492600367
P2_I12_M16	-0.162015683250399	-0.139245781173738	0.489443425030731	0.439623979230413	-0.0684417223957248	-0.182827835040934	-0.0252284456041148	-0.0916968066599297	0.0892224469055476	0.026978508569783	0.0728574801247511	-0.000113865650743384	-0.193682697452154	-0.0300196237666344	-0.0575366924772617	-0.121778490018601	-0.0893813787474987	0.000820182634636749	-0.104403535353259	-0.00702409898087693	0.0292665394787439	0.287493843839609	-0.0103307367641896	-0.138838236488176	0.436928878081852	-0.152356932087154	-0.136647567213326	-0.0460181380566511	0.0369124307231021	0.0547524036686255	-0.206711851106427
P2_I12_M17	-0.0373734533553062	-0.184337578600619	0.413409938707123	0.358831210347659	-0.143621360226444	0.0356595462963332	-0.154715213711041	-0.235269872658009	0.00526040277140381	-0.0871481809433405	0.0579350502546233	-0.263747665797745	-0.344294254187137	0.136350694720149	0.0910277861273082	0.0976105210727476	0.141504824491849	0.145368080119603	0.0333897970478321	0.139009942190898	0.00125808971712314	0.174440207002957	-0.170648475627308	-0.0956693181552332	0.28932254894465	-0.246397158953342	-0.190154131207485	-0.0783232028617279	0.0888724969904188	0.0507277093775121	-0.0282789798954538
P2_I12_M18	0.151404464356945	0.200385619008325	-0.112201837072499	-0.0995405315658116	0.0949537716174071	0.0391334797792092	0.203431597037317	0.131905377249445	-0.00175780872230364	0.0930440316689213	0.111241496052091	0.166129523944402	0.122367949698842	-0.270265365377385	-0.228846727453074	-0.313082618481806	-0.282184799967065	-0.226925568700327	-0.301913540284498	-0.332047917172894	-0.201297283068711	0.00956334172796419	0.206692286694978	0.0978780724459175	-0.0981507504115816	0.161314806587361	0.181787417299104	0.114079914454587	0.0979350919488595	0.123845811056586	0.161120695649694
P2_I12_M19	-0.0820212013508683	0.113431036587768	0.388371271380742	0.306529814056216	0.0505314464899172	-0.194652569658651	-0.0313811760471617	0.011466816681264	0.201172032662708	-0.110124092393778	0.101622375020353	0.0472311838005628	0.0152950197028263	-0.221823071769474	-0.270618108655443	-0.219778324603802	-0.347884524745296	-0.135129494879007	-0.265796153233288	-0.114354355420619	-0.138714994959723	0.309349697225881	0.0697309348701078	0.040147581435727	0.281627783442433	0.0137646009866418	0.00910613729690353	0.0595904616193226	0.153288332249577	0.035087232769026	-0.0750656905608656
P2_I12_M2	0.05725583406401	0.149267608368893	-0.195774664228296	-0.210910056304476	-0.130206348651767	-0.157906253649671	0.354333912718357	0.0120398720344055	-0.11979146917202	0.262517208017683	0.0308384979887689	0.166518122982418	-0.175774641033154	0.108299277315668	0.08776795965184	-0.13968658671063	0.211821165009553	0.0787416393371019	0.0584698335112879	-0.137133287184757	0.268451451622847	-0.301651786630848	0.233175008399519	-0.212778108290192	-0.383778697966576	0.0756438320078757	0.0506082683209311	0.00773061702934872	-0.0337245682142812	0.149967287752882	-0.16433092809672
P2_I12_M20	-0.106534137088567	-0.141578935021247	-0.281831470848791	-0.269586715823602	0.199287955817279	-0.0934605879563274	0.233748717652493	0.213313833447894	0.0962242038093735	0.189083296600482	0.168641004987934	0.249816110401885	0.226265390556956	-0.135000524161809	-0.0471479020685949	-0.192495181326437	-0.163316339844133	-0.0947501856068957	-0.181040590973223	-0.18610208917144	-0.0845230532461248	-0.00153599077553472	0.219004569492842	0.173820525444912	-0.0643869878908532	0.19120006447834	0.224626384095744	0.202750434678514	-0.229265012731573	-0.172667069597772	-0.142559717331725
P2_I12_M21	-0.0300231987412507	-0.0223116660972997	-0.0633738211245267	-0.0619984623793187	-0.0241298943063551	-0.0440490737053513	-0.0540430836550752	-0.0334022459636966	-0.0707547941816456	0.0170366862977548	-0.0618045741614467	0.0183737015605287	-0.0572269699420686	-0.0202566640583254	0.0123675142160093	0.970111851005828	-0.0404221514919666	-0.0566910187899538	-0.0291116271933715	-0.046674163747107	-0.00444676785094267	-0.0738402037003625	-0.030310560949627	-0.0560665229938529	0.0651592629725119	-0.0526228642413081	-0.0394081334879627	-0.0401122260063541	-0.0210555993162677	-0.00790145548605269	-0.041011272481144
P2_I12_M3	0.0627221678254831	0.164944554885489	-0.383513453624611	-0.363239948977131	0.0748911724851497	-0.160935458776304	0.242753874910154	0.183786225908006	-0.164281394220507	0.196618675640145	0.0906236540717289	0.286307759267752	0.175627606616628	-0.026463344331336	-0.0129941724336256	-0.130525362415283	-0.033829607737136	-0.0336679543809978	0.000507809528499867	-0.159837019351501	0.136173218258948	-0.232610926269062	0.182572769925979	0.0144963070313912	-0.419997410801411	0.140790448333059	0.136797495544653	0.0476652173125313	-0.0854081744018028	0.0406179836551805	0.029407286519932
P2_I12_M4	0.00878405660114995	-0.024198424793329	-0.446636766093296	-0.380624328274411	0.0606860998436009	-0.0645348115897307	-0.0615459907433072	0.041664615063295	-0.301633216089124	0.126951138690868	-0.0148177407899236	0.120841393805983	0.150153371908623	0.157618316730132	0.186808234469789	0.172107459154203	0.136893857355079	0.0566040146625419	0.183564487933016	0.038680631037216	0.0933150151391425	-0.25864515568424	0.014529536286152	0.191964752820414	-0.394016272143238	0.0446011722204612	0.170335507754369	0.0506703361204642	-0.0741303971924945	-0.140578486667543	0.154587592464134
P2_I12_M5	0.0256959215742415	-0.0203970977452145	-0.330476330435556	-0.230140549053235	0.0164485664166295	-0.179998541555854	0.127778523641563	0.152873427297728	-0.115990021022329	0.353379568043867	0.0376855862451827	0.369969284682148	-0.0468428218972828	0.125196517496922	0.202051397630003	-0.0201743837509383	-0.114868335041931	0.0326297836974058	-0.0537256770960311	-0.106404034696595	0.254246222966137	-0.22974448362499	0.246038218927804	-0.205873431548253	-0.339085197923982	0.146341753799336	0.0957314461119638	0.0749244378181725	-0.139157376024129	-0.0874462336244079	-0.0406661413083744
P2_I12_M6	-0.23927749746698	-0.304284182529105	-0.21140572288594	-0.202439362910375	0.0591133918223446	-0.2043002224696	0.154229862464966	0.101062300305435	-0.025299442123111	0.18810293347228	0.0746527327914828	0.157198910808902	0.0976764844373127	0.170248620513599	0.191805536506452	0.129568420008039	0.172768025351868	0.140144785499877	0.167661789050906	0.115841357168759	0.172589297091077	-0.123608991597147	0.111510305171098	0.0580604465496217	-0.224022049886271	0.0675354341703327	0.104070980389668	0.0543397264378305	-0.350120477112957	-0.331497645637626	-0.271925745392737
P2_I12_M7	0.15539323303681	0.0634813258334606	-0.254393091664002	-0.148146269832477	-0.00604128539219071	0.0845539871988113	0.155716479873173	0.00595132753084804	-0.218183399971214	0.161053885169645	0.0373245851279589	0.0687989303546345	0.0266550373014511	0.196214146716132	0.161064739247932	0.119344800748889	0.253632857079587	0.143531905818991	0.183096245488308	0.0856711619398469	0.174534082682978	-0.38754606828654	-0.157475435232584	-0.19441611538919	-0.443137759263171	-0.181466276127606	-0.163643657131646	-0.186932129097978	0.00442359182962265	0.114761194305531	0.146177970103988
P2_I12_M8	-0.0878847062580311	-0.143076341428433	-0.21404381502758	-0.177837996018033	0.122023932777709	-0.116276532506078	0.209456539841011	0.141839937708015	-0.091512967333436	0.273377782094864	0.138283436943899	0.231734690016488	0.131658768400986	0.197996598318875	0.195534096979173	0.143772243259308	0.200680875858285	0.138546361970987	0.184885569139879	0.113192836010046	0.219698882455604	-0.287460416993531	-0.103075852666012	-0.182028539361951	-0.318062768430883	-0.151128497505716	-0.138687495143305	-0.160623158614478	-0.215729831451933	-0.153238980730454	-0.102014652305276
P2_I12_M9	0.0791709052736797	-0.0345914464481879	-0.371433199226151	-0.325413025859458	-0.0558925383332462	0.435112402795666	0.0224841493337959	0.224700064770714	-0.083872651514583	0.157122070625575	-0.0565927026231363	0.0601988176656218	0.0128694062214612	0.0862940252738413	0.0900108584933736	0.0126955712926973	0.0852792924584425	0.0363858880448447	0.0617569088519113	0.142870187387933	0.111585072019227	-0.325815130493668	0.160987471564034	-0.119350627024904	-0.472521017620616	0.0894954015244931	0.0397016590509131	0.112596991849143	-0.100544952875221	-0.0568636725459887	-0.018426179932207
P3_I9_M1	0.00303373977439971	-0.0967926604019415	-0.325456669255442	-0.234012307394435	-0.0694143755146751	-0.159358306298807	0.0380190643853282	-0.0171383549596965	-0.259688794433683	0.338954423953671	-0.0262228757989877	0.230054154676197	-0.125271087834523	0.255580470898311	0.316964876903283	0.143346917162133	0.117302058795196	0.113278365739135	0.130051372185541	-0.00499609753949587	0.315325076968342	-0.285885814129053	0.129206785994721	-0.0868507850129168	-0.264025036575912	0.0456057440981615	0.0578385599466173	0.0204283821376009	-0.158770642599155	-0.0569166800722271	-0.0841895057976876
P3_I9_M10	-0.0740308736417073	-0.143659607411085	-0.311271020205961	-0.253372970167325	-0.15806956380979	-0.156402745300676	-0.105195638189686	-0.129829494922319	-0.185470509958198	0.1331271539245	-0.118617060638033	-0.0380910934976269	-0.193370741401818	0.272279516017279	0.298306134446189	0.218737520587084	0.237546036742402	0.180568012059083	0.236293181562689	0.132148723282554	0.244237794525826	-0.150338000403631	0.143606507359264	0.0940507095933092	-0.17136016927423	0.103113334405369	0.16758001242482	0.13652655860594	-0.173091297591984	-0.138606602966455	-0.097343806155783
P3_I9_M11	0.225283361885148	0.148169462706671	-0.0299624291912487	0.0365691728100414	-0.215001901614766	0.150233712497861	-0.145718804376145	-0.193973708763205	-0.243023716287482	-0.0319281670418629	-0.137847665856411	-0.161563227167252	-0.207748576855448	0.208021579103724	0.203406360283921	0.169118634519029	0.233183885103909	0.192022766198564	0.212204057858069	0.14694615914643	0.184466612122498	-0.228815011707575	-0.176113705156018	-0.16755302338247	-0.222038900395571	-0.170400004265623	-0.168444091266305	-0.146407089074123	0.108581476834445	0.194237642071131	0.234095139260065
P3_I9_M12	0.00519092053933721	-0.0883654026566866	-0.387340173689649	-0.268086844563401	0.0820360293908727	0.00696851006715021	0.119732341289472	0.0882631485049753	-0.246897199247924	0.204344876877403	0.0540939034684948	0.138532093378262	0.094991419306982	0.185474796044723	0.232016295411623	0.235212768078192	0.206736798048324	0.103905110582369	0.197011959456518	0.152890799257937	0.149037627938541	-0.344647389678909	-0.0993790031199235	-0.0229777785171546	-0.345857140397963	-0.134246107453841	-0.0905643210545166	-0.092851640565559	-0.173981160048648	-0.0559118379981305	0.094666601351129
P3_I9_M13	0.159451792427315	0.106028072155076	-0.185540203478815	-0.11360568147923	-0.323222900566261	0.0645567704968497	-0.211162522508498	-0.276863767098697	-0.28860370750565	-0.0484411864458094	-0.231329697867084	-0.204712148166294	-0.339496241158652	0.199878977846074	0.179033580364734	0.108893041086872	0.209008342679189	0.164584146887899	0.16410093265554	0.0592610174372655	0.17544021135932	-0.132438957462693	0.141220475783316	0.0747045061366727	-0.187723943173134	0.114390942074424	0.144369622345352	0.107285271440077	0.0725637100470039	0.134588455777136	0.163781087910701
P3_I9_M14	0.0353149688118538	0.0290723056292059	-0.320766626857695	-0.306865668243977	-0.0273114003995684	0.346450539884834	0.163190338382359	0.244643793913124	-0.0288488141241279	0.235326547441099	-0.0225372751896334	0.17469478634645	0.00427542786366112	-0.0141192074479851	0.0103955142477298	-0.147222234500307	-0.0220273687842074	-0.0465521314147408	-0.0207962477903428	0.0181378586668534	0.171255914732703	-0.280043282595305	0.296900576190673	-0.162249122347622	-0.398448010194099	0.165276225178147	0.0742195934577743	0.137769733324797	-0.17357716395532	-0.00132472401652063	-0.134234846209811
P3_I9_M15	0.269827125088152	0.209382210271892	-0.26808554218508	-0.141250655774519	-0.118665854667572	0.153287778195049	0.0713949141501713	-0.0795716978039606	-0.366531592014743	0.0987438782533648	-0.0319891517671899	-0.0291628333322404	-0.111671752925253	0.124246911627001	0.113882239149611	0.0391871646525708	0.176593973871415	0.078887704211665	0.126770233449563	-0.042068435273025	0.121590583508771	-0.35368044844507	-0.0278792097746297	-0.0751514717713126	-0.438809033449417	-0.0599260719445404	-0.00438720225672125	-0.0671664980235499	0.10002804578752	0.253696623489155	0.278478065702923
P3_I9_M16	0.16527102129773	0.292405117918518	-0.247045530717186	-0.268093765681474	0.0671817184537607	-0.0448762848356884	0.220520431685746	0.137397050957717	-0.10653375602274	0.107607126350393	0.116212422160385	0.197379357754718	0.119912899171384	-0.204772310301987	-0.156007804354245	-0.27208644210821	-0.18460143383672	-0.149714067499551	-0.17794415040952	-0.277022162915141	-0.0523251897923222	-0.117201852128574	0.207086579351173	0.056782004011685	-0.290166609067763	0.180439468846888	0.215035413649281	0.114670226231897	0.092701056547335	0.0802882640849858	0.177501201197525
P3_I9_M17	-0.0597912654408368	0.00283815793177056	-0.198576935339601	-0.204321058969795	-0.0441571633875287	-0.277376025466658	0.303530337531692	0.0567468760610987	-0.0247422778553589	0.328799795358608	0.107898276071143	0.27831824689719	-0.0935894993546164	0.113101816047046	0.130394389354593	-0.0839325414443911	0.153817184973051	0.0801752629401372	0.0606899129285221	-0.0865980095773195	0.271156887292534	-0.28688446013956	0.251036476820348	-0.157037469952352	-0.311557918168531	0.096612344448567	0.0568530129889769	-0.0102146023083455	-0.167745783942415	-0.0119929873159356	-0.273450978982031
P3_I9_M18	0.0985753477806205	0.0854084930334917	0.0512677802466714	0.0373043118152531	0.071136615934413	0.0633767430243802	0.102508634931391	0.057642904663699	-0.110080922566315	0.119405682072076	0.0817701387798185	0.106382862865918	0.0916986660118838	0.144729604889505	0.148622806228054	0.110358144884678	0.133438852358692	0.119969527194189	0.164874728901927	0.126854574119298	0.132044084706347	-0.220223066516802	-0.359892543134184	-0.335098925090801	-0.193910337801845	-0.347765367300323	-0.413488681826951	-0.332262674920925	0.0846341728059741	0.0636149698710355	0.117102872038832
P3_I9_M19	-0.114391205431668	-0.117978992116278	0.281549038448727	0.292167067057583	-0.0446794977972259	-0.148165110923142	-0.177947168048378	-0.149799655323848	0.108577066293349	-0.0196921883402861	-0.0581347651884339	-0.104681760445208	-0.204449428591607	-0.019873086419132	-0.0248508669739159	-0.00980249414808242	-0.0742061337240031	0.0194731188297701	-0.0856081858200979	-0.0376589156749282	0.00908017072338665	0.267600490723392	-0.000246973058319069	-0.033374895715823	0.724280035948949	-0.118329509785971	-0.105143520250749	-0.0197850541174006	0.0634800579337255	0.0368648665232337	-0.134272504587618
P3_I9_M2	0.173262536980897	0.220573478111723	-0.416668235882907	-0.363828185120229	-0.0133305054434845	-0.00429359832306359	0.0912423728809546	0.014000891648481	-0.3145625890885	0.0755458353234251	0.00944680886732733	0.0853328587128742	0.0715508437152512	0.0467252917284077	0.0246659994664602	-0.0334251788988642	0.0677776981592263	0.03330115031933	0.0742551125439381	-0.0923416791762732	0.0709196905294098	-0.282105365693217	0.107630198597598	0.0874309120977529	-0.499398912387905	0.120075121324175	0.196773345134055	0.077141623427592	0.10138807293551	0.0783573899414122	0.192557017568642
P3_I9_M20	0.0383825234706162	-0.135756107891552	-0.324650563050573	-0.267445170809213	-0.118426249640702	0.381387902089666	-0.0457507716447465	0.166128471596586	-0.195897787700365	0.268163575649074	-0.0653990936669499	0.0593156276993832	-0.0701844430834763	0.192865853213733	0.234518519912366	0.133593859993843	0.121227266533606	0.0848281796881679	0.142180027478878	0.149009498226536	0.171386101411273	-0.313855866677424	0.0979113321961858	-0.144338533683024	-0.363709782563891	-0.00579303046576217	-0.045872606836379	0.048811468346407	-0.141565978655931	-0.0351947940058687	-0.0158694271304628
P3_I9_M21	0.169870819509049	-0.0751279852501376	-0.308280184059321	-0.148616871760098	0.00151472219329059	0.0274609359058594	-0.104915001773363	-0.145192494024808	0.422194497619624	-0.0187154651232883	-0.177278116961918	-0.138339676396799	-0.141970749356642	0.259866655748417	0.268686059557342	0.210951164512253	0.241464539907214	0.168543452927318	0.231184129401119	0.100593454176229	0.066899561333408	-0.249865797494844	-0.054847847650388	-0.109148077595695	-0.32085497059692	0.138095072976149	-0.0480045089485472	-0.11331333486707	-0.032900557608093	-0.107105356533453	-0.0128480697658874
P3_I9_M22	-0.104242699597626	-0.11906599818928	0.663286047040195	0.406336682571137	-0.0261149032748858	-0.108493759805964	-0.0991838744388292	-0.0649577784661244	0.0298931348437175	-0.0816872438472067	0.131273502565669	-0.139641516638071	-0.111003811599796	-0.112617222817357	-0.108989600129081	-0.0437679297763394	-0.107897444387636	-0.020835752153439	-0.112795111181214	0.0479193194311238	-0.10323224679615	0.238475446793863	-0.129018976843132	-0.0236695740297415	0.255499324345907	-0.188808884748706	-0.12649243840408	-0.00108570875283787	0.174951839000175	0.0133047827516833	-0.0273376034659721
P3_I9_M23	0.184289860837763	-0.115120333184401	-0.103050678779533	-0.0640888718994685	-0.0724166207333209	0.520417076787526	-0.123975410142352	0.207114517808186	0.648125593706507	-0.0299081268189644	-0.122626423002957	-0.082222108242481	0.0312222643352402	-0.0428084957048796	-0.041949364432972	-0.0381383633030608	-0.0997229150161976	-0.118536048169929	-0.093190097363176	0.0707490658813822	-0.0254885262300786	-0.118935115412723	0.0245850245456265	-0.121411538959024	-0.158724156082936	0.151906481835201	0.00990190524148446	0.0505914702307252	-0.0885054226443429	-0.120638440601806	-0.117446204485037
P3_I9_M24	-0.156648852806677	-0.143761843872502	-0.205585982545733	-0.0967657712288827	-0.0731840783971963	-0.109075758365437	0.165371726504355	-0.0931965709998351	-0.121811204301166	0.0888817873365663	-0.165932762276874	0.0424971937449513	0.0131538429670324	-0.0110287116180928	0.0194694720242136	0.568925554671874	0.116068846670773	-0.121480587802864	-0.0258348338908909	0.560551545849624	-0.0748472518802811	-0.0839811394348118	-0.162431121205556	0.0563460135562188	0.191296747267566	-0.116339610108218	0.0194329652701421	-0.0935210857694368	-0.129425782761235	0.102355935866116	0.0405013175362543
P3_I9_M25	-0.0386045772954426	-0.0320372069988556	-0.0409375194795712	-0.0542846515936979	-0.0510395804889123	-0.0467612764426688	-0.0613814760788293	-0.0229531424150254	0.00343082115630328	-5.77503514348158e-05	-0.0573880942208998	0.000461735740828396	-0.0391657888266534	-0.00965197539835946	-0.0198503157961497	0.0494468278350752	-0.0306678823730196	-0.0365959025157083	-0.0374625061908546	-0.0297225113100093	-0.0217366962026546	-0.0572815339232555	-0.0308884434045992	-0.0532678048039262	-0.0295691802884731	-0.0722164047532507	-0.0373229671936279	-0.0178269602781148	-0.0414490049827426	0.975173359505855	-0.0583915906313249
P3_I9_M3	0.0793228156594345	0.0878401044501345	-0.325299986151628	-0.267708278673694	0.10715304530542	-0.0730701681944494	0.263308323344526	0.217707575662791	-0.14951558522617	0.27255181816264	0.136945213845719	0.300940991355552	0.20799311025264	0.0606704313529445	0.0804944005023406	-0.0102259968763447	0.0348164365001246	0.00698555875541137	0.0575559104360225	-0.0522751995767105	0.153457665897794	-0.340806685576536	-0.00687313290844721	-0.144964752625603	-0.456723687017662	-0.0583896350448935	-0.0553401468320605	-0.125002819324065	-0.101455931633648	0.0232581359162548	0.0766504682621626
P3_I9_M4	-0.0241528967224403	-0.0185786421783452	-0.433186943316518	-0.368767844537627	-0.0440872272219828	-0.20277311857118	0.0741591410415346	0.027251077729346	-0.235590097999602	0.196949504012023	-0.0194756686413468	0.188420689853272	-0.0191461580087251	0.122347977626756	0.150387582250548	0.0238306158629516	0.0565291951281455	0.0492602054772546	0.104227608839076	-0.0847332073193162	0.203556280474927	-0.185411741041119	0.265079888885466	0.133173794793527	-0.293289007068037	0.217049958442939	0.268361342065615	0.167864162122297	-0.147064776900317	-0.0767215712886633	-0.0954701237904582
P3_I9_M5	-0.129548896836807	-0.139345479211664	-0.0244015438282962	-0.0239892500023888	-0.127072131378904	-0.144782493714307	-0.0844273553089659	-0.105963247298459	-0.131060541078993	0.102934081437677	-0.0683544737026145	-0.0466495151413737	-0.146244865238366	0.303567620972351	0.317446709429054	0.275996596994574	0.322118408284167	0.260606820358352	0.306196796557404	0.244450640222592	0.302941567233737	-0.1581028366579	-0.0862221711445441	-0.130423441497017	-0.136774804832004	-0.115662215897178	-0.111495874551256	-0.0973146368695839	-0.157982330418193	-0.12692241350094	-0.143518723380153
P3_I9_M6	0.108376558331507	0.0366403314146414	-0.23023763145536	-0.190750952551985	-0.188346174884115	0.0280527440609003	0.209947536072249	-0.121518512326135	-0.204072275799805	0.178020960823197	-0.0234707526840626	-0.0247855546726385	-0.253822924079572	0.243229615369059	0.19889085144364	0.0490846611484105	0.414593685498828	0.209931752702011	0.172673799898147	0.0384740146559322	0.217985453788562	-0.332327039737474	0.0479060640152695	-0.171242522995566	-0.327429439581489	-0.0286625691039113	-0.0205087052624039	-0.0629517084649972	-0.0377632165070925	0.101420095488789	-0.0373381446045347
P3_I9_M7	0.156791347527691	-0.000316459328839835	-0.438435021345243	-0.308599894902947	-0.0344901443758642	0.157691412463149	-0.0176620782192382	-0.0682837732838898	-0.238275100701016	0.0341209189535113	-0.0406434635235245	-0.0858310515182848	-0.0578582980402448	0.205303489368399	0.184385748373519	0.149638110568614	0.236616085613705	0.138400554523198	0.181592409672787	0.0778983785821631	0.0409464984049314	-0.308253115803457	-0.0241771210794374	0.0591963296256791	-0.439817249753519	0.039576294788983	0.127074390955121	0.0287839384669434	0.0555337670040321	-0.047168563193857	0.236261660176934
P3_I9_M8	-0.0587295525673468	0.104589571358455	-0.252915076022001	-0.335941689077638	0.158415082579212	-0.275306835618354	0.176607299140404	0.209280484477594	0.0372138053227893	0.111729843792438	0.0828145743342542	0.325443371962592	0.253958429861375	-0.155136506029113	-0.0929484365777355	-0.170505680837734	-0.166592684246143	-0.128755120633331	-0.0952726630623484	-0.208758028889855	0.0331235214709605	-0.00334208120597372	0.259934036708653	0.137934401433442	-0.217336482784593	0.217367262388981	0.222510385999087	0.133979491369769	-0.103505369131355	-0.136535319847682	-0.0633200356688033
P3_I9_M9	0.072797497698454	0.243727432616923	-0.159222262282189	-0.182011282703213	-0.050877694185832	-0.17710506245338	0.416131360833415	0.109438210026514	-0.0340317347152828	0.246541923213948	0.0589822678831243	0.220348090163283	-0.048475567354167	-0.0198494297984629	-0.0479074066456181	-0.253515081264868	0.053529075895735	-0.018768991148133	-0.0380942527471547	-0.237040360031771	0.212017034836462	-0.248625907244099	0.251976671476686	-0.195489327699883	-0.370651222423163	0.081823189221319	0.065741098597331	-0.0213957247784769	-0.0224870084227552	0.206663957510933	-0.114169494075678
P4_I9_M1	-0.0562377358439963	-0.0907740733697141	-0.265287466542769	-0.21311580824962	-0.0406508676264673	-0.142031325051637	0.199863748442762	0.0282381449304266	-0.134286543791182	0.253009773488605	0.0273135724082324	0.0911277337043929	-0.0813733086314721	0.242154804924215	0.252800283877684	0.100938853382214	0.294572689654225	0.214679405302984	0.231267125713988	0.0917628683186233	0.301596364374389	-0.291108366268596	0.0469652766272518	-0.101743671577074	-0.340160711285409	-0.0706534786132448	-0.0904540213423687	-0.106574298103266	-0.208730821731788	-0.0347978918719983	-0.108310255249391
P4_I9_M10	0.101649686368577	0.0976034083782489	-0.240778670136965	-0.190962311564515	-0.0874845262761866	-0.0770329848541221	-0.050383206633294	-0.0764728481650576	-0.24133598090558	0.371766277162072	-0.105514865549715	0.26668921597975	-0.0595664326129203	0.227917737918169	0.310612179619467	0.130525158741528	0.0922306151105505	-0.0585315374845556	0.14040327087912	-0.0251641155025079	0.328188218560125	-0.31715405171761	0.0376759290962024	-0.143035906953024	-0.341193652107513	-0.0943503482955751	0.00562739228841391	-0.0986724437105136	-0.0685915183161812	0.0896348384716117	0.0757014722120018
P4_I9_M11	0.144775358385953	0.0144698294471546	-0.443446711484445	-0.320579449041523	0.0716246833328373	0.159815968324512	-0.0366454291437851	-0.00225237413428312	0.122280593902886	0.000440642264180314	-0.044481549633143	-0.0158593277742139	0.0901347666275026	0.110815260781269	0.106670553892897	0.106420684352637	0.169913238621212	0.0500390185687123	0.130899508261169	0.0551627025344897	-0.0371418287474062	-0.335834321489172	-0.0231164336638722	0.0463856663939555	-0.557121748331486	0.0819993435345144	0.14785241549009	0.00133731319684319	0.107885016342451	-0.129173252006809	0.226729861194876
P4_I9_M12	0.105176282782911	0.303302839019407	-0.282291913201764	-0.278552993717017	-0.112218903961978	-0.10482695892176	0.239406371583779	0.0159633686700736	-0.336042737142752	0.0764015598254602	0.0384161156136482	0.116154151699896	-0.014134633743511	0.0158757258657446	-0.019362415422872	-0.155672126453482	0.113497914849637	0.0591560244796078	0.0693928314654088	-0.141426624842457	0.191519248163456	-0.281297140768277	0.213905350859385	-0.0172026730160125	-0.447819966962169	0.113076077714183	0.147579704392124	0.0839555860365707	0.0596174178983825	0.225713561676967	0.00273895555740968
P4_I9_M13	0.0182597667727876	0.240143051180869	0.0167454242047746	-0.111585378790599	-0.142781081321887	-0.189277891332949	0.413885531020354	-0.0857786587673303	-0.0700661650707246	0.194097033109418	-0.0573121074480945	0.0357336076738733	-0.227415783875707	0.0486173947516654	-0.0347788271262484	-0.201741673177802	0.315147164254761	0.0485038848523072	0.0701881212724372	-0.230665800146303	0.276256541571103	-0.172245451179592	0.198438452555525	-0.166095309159925	-0.232985767953945	-0.0328209433185764	-0.0253088450331316	-0.0679908724940178	0.0137396355845469	0.348839806869308	-0.189744859476898
P4_I9_M14	-0.0415948737099045	-0.0185601644446257	0.0606238086689176	-0.0322742778666021	-0.2259814389147	-0.232061691377384	0.2489451150122	-0.117273522441789	-0.137260951769123	0.247751059199686	0.0170152041561475	0.0314439581923217	-0.342905140401183	0.230929197331963	0.20666762482855	-0.041559320839501	0.317764273328668	0.175335640066404	0.156006919374118	-0.0735273544184189	0.325286737730653	-0.214241047918841	0.191961396943586	-0.223723940784056	-0.1132539399261	-0.0253349113595245	-0.0558091898020586	-0.0123216714703546	-0.067098982849737	0.0652828449064333	-0.300231359445746
P4_I9_M15	0.119776640663405	0.217092193467277	-0.116085791973062	-0.127316061514499	0.0447094477317608	-0.0128302909890943	0.25294920741265	0.170511693909537	-0.0952059494788733	0.240590756985815	0.151209826211558	0.271796528105178	0.151589710836729	0.0552716433210294	0.0621434461491401	-0.0185334069648276	0.0709010939498579	0.0319907635499964	0.0495791808840111	-0.0521703994718912	0.155235140406932	-0.349416528286989	-0.176719183508764	-0.324268657155958	-0.35933135316736	-0.220518177148567	-0.235671367237502	-0.244560283457278	0.0377364670428919	0.135602802074893	0.113940907652005
P4_I9_M16	0.119852633835201	0.0316897443505058	-0.286198950682622	-0.367031928878198	-0.141886445021991	0.216539406037455	0.180728159894645	0.0151081962520146	-0.0586350233207946	-0.012783538178183	0.0243480700929244	-0.0592590847112533	-0.111914053354655	0.213414763802231	0.185818149688201	0.0584864539827882	0.362992221391104	0.169261242431444	0.134485312675117	0.107249398738062	0.0736294770079131	-0.356064419999064	0.0550013398423452	-0.11711894967914	-0.441186709685973	0.0505956047093192	0.0546999309546187	0.00449111919706346	0.0142175977453318	-0.154447819389931	0.033918100273523
P4_I9_M17	0.210365517484446	0.362205111749483	-0.138762593554975	-0.162125660975553	0.0815281334783136	0.0289115934186307	0.268752696570575	0.138768713679999	-0.155202468562234	0.160477262583008	0.124190583462465	0.188444287770513	0.155603588555546	-0.0956588066909663	-0.118892781686441	-0.225447837677487	-0.0919864826982887	-0.0895427744850228	-0.0504270353439567	-0.220875448124491	0.0214062395480614	-0.279099229625285	0.0353495539418479	-0.141765753918249	-0.438266576430424	-0.03559514809833	-0.00715380447456696	-0.0933012020739091	0.141780247060412	0.199762595059169	0.226557480057712
P4_I9_M18	0.0274269881019016	0.0604985780031434	-0.366570021456326	-0.377544884887548	0.174796546022487	-0.211444666256107	0.232255028838116	0.204267799861717	0.231777784368197	0.149628010980007	0.0582120355145667	0.322583295834807	0.211442693266473	-0.00692512529553398	0.0307677067924928	-0.031832550398324	-0.0297582166025813	-0.052064369242762	0.0377109316061304	-0.0873725776451335	0.121457271270382	-0.216440155431876	0.149188656042158	-0.0397061153080348	-0.389529058675583	0.131915099824607	0.0500684334132964	-0.026349211666872	-0.162642134490467	-0.124599371505105	-0.0712184008782287
P4_I9_M19	0.0633571417007541	-0.159304941748532	-0.0404692055973148	0.0373403328558532	-0.140420504342913	0.0820148571114889	-0.111514707132714	-0.275114867195897	-0.26397181667473	0.0697146543506161	-0.110953784470795	-0.190257052750001	-0.328156610721948	0.298403001807266	0.267180242731927	0.232148478778655	0.332716443225117	0.232312741731171	0.180166172425102	0.110731566130962	0.127221431711346	-0.0892186318684268	-0.153815614156047	-0.0600130479532035	0.25885376744003	-0.215929158254524	-0.118486760919562	-0.0864359605339877	-0.0659082372026642	0.0779749417055039	0.0398351278174682
P4_I9_M2	0.0037012243056157	-0.108078460927472	-0.369031572314959	-0.308043566843172	0.0216041548699564	-0.0727541186600357	-0.145188714379348	-0.0562255456737527	-0.445857499194295	0.157723995325292	-0.0391731834037332	0.0637789086157645	-0.0106223907288032	0.261663510045404	0.298609403607247	0.247476883765151	0.175882948846091	0.119993920669753	0.227498851984449	0.0652997876493632	0.146003487679934	-0.230659474371349	-0.0608644651612503	0.150071847440018	-0.160470641563328	-0.0334001564426123	0.109023742751651	0.0567147650881116	-0.0655241378018958	-0.123280546934176	0.124127041756381
P4_I9_M20	-0.0754277374537173	-0.0685045030357735	-0.108270985316975	-0.108256305163286	-0.118310635298463	-0.130911799525718	-0.12214166595836	-0.128739494399617	-0.124522656060915	0.0706125474216838	-0.131597905141769	-0.0603406366067029	-0.124710580550373	0.467740115980197	0.429739251497376	0.372629706185553	0.231680084559211	-0.0178517874111403	0.202245502705795	0.00210938608136607	0.364314054063951	-0.116878216947869	-0.0310377942204833	-0.103686051658109	-0.127719937022814	-0.0758803861055629	-0.0514369767534313	-0.0821684238977029	-0.0440638376652543	-0.0985914966760803	-0.0900208356250174
P4_I9_M21	0.0357957996120317	-0.0656415494621874	-0.0780054200418686	-0.108201975850255	-0.103233311041628	0.840109168797924	-0.0932683971717129	0.299120559696473	0.0215040636634915	0.0764526571239816	-0.0904034477824726	-0.0238252519910422	0.0443940433455753	-0.0590187958875371	-0.0384555904978643	-0.0411362980157865	-0.0842526827495592	-0.0844457578043623	-0.09141564240224	0.0414742452600854	-0.0309446838903485	-0.0949425065763939	0.216344100854453	-0.104899461021524	-0.125053779870735	-0.0199425852453599	0.00230516605555171	0.0472575144542153	-0.111916737137752	-0.088173554276423	-0.0875798901467306
P4_I9_M22	0.0213428857407516	-0.204883731414325	-0.438138801158219	-0.313750348952119	-0.134572563570032	0.00461449388079534	-0.0139897689715339	-0.0940487624870613	-0.287889463128265	0.0303300013034951	-0.0981823373954145	-0.0997621950682235	-0.158593313583061	0.214036879447596	0.173572191136834	0.12636539133352	0.212825379306157	0.166591662244847	0.165813086898261	0.0454485656596862	0.132381456947633	-0.0948610029873287	0.217701497435185	0.13753921916111	-0.214220128342313	0.22815219620181	0.263825372744045	0.185764601419132	-0.0880598109318596	-0.115628875681153	0.0302762228100489
P4_I9_M23	-0.0190921557971891	0.0678982739471791	-0.388378078648578	-0.290790533381291	-0.0729534201630807	-0.0802829702448136	0.385483133214088	0.209741455574764	-0.138506094237263	0.112253009440509	0.237802862776383	0.189798141831118	0.33964009520974	0.0216247823254717	0.112380361382364	0.0558134572854833	0.195153715733773	-0.0186926622870677	0.062452784501653	-0.0984820824474566	0.128745902551455	-0.326600319073698	-0.0302668513935828	-0.13407317714004	-0.288305791527306	-0.0830654989446152	-0.0442525496901983	-0.0426047418983328	-0.0727498845877999	0.0601042423566347	-0.0497954066683034
P4_I9_M24	0.0469478123577641	0.216188781958037	-0.070030128328558	-0.181050356785272	0.167677771924903	-0.255693842760618	0.343729560543229	0.250579367458121	-0.0464099601753142	0.132932449710236	0.197800374167996	0.340233939957315	0.314952290495164	-0.21517977237981	-0.227448825601232	-0.253319795387394	-0.176093806058387	-0.169863931023896	-0.131279805454679	-0.263694993144972	0.0239737052294405	-0.0624274672742894	0.130932706082052	-0.0306463748960567	-0.155790088732154	0.0511873172612815	0.0314983195085723	-0.0340716067003315	-0.0423438360129819	0.050397522681707	0.0163126713801299
P4_I9_M25	0.279148144527278	-0.0405562516575145	-0.235062961314328	-0.0367688637342808	-0.11756490522777	0.241536617981221	0.0321045054401893	-0.156281889769802	-0.312462164987111	0.0561323487254575	-0.0703677726758219	-0.142028064882601	-0.154119416351619	0.190432106534131	0.220854638623384	0.181728378177313	0.264222868475209	0.13890751368106	0.154220020863949	0.0953983104342012	0.0915555611244852	-0.285009376355228	-0.108431515188995	-0.0603797346534607	-0.361777960219756	-0.144295964613818	-0.06531625603295	-0.0736850178534498	-0.0375323848059699	0.177851446628515	0.277548039108083
P4_I9_M4	0.0400985548398487	0.0424429621514724	-0.423646497591678	-0.402006958366398	0.155258334586426	0.00553904712019339	0.00243733789666993	0.156080791409039	0.0102320290200858	0.06980439612195	0.0579799218214791	0.149835882381208	0.275702204916173	-0.0295225019778453	0.0150993578140182	0.0537532827425652	-0.00560990741880878	-0.0660018622546626	0.06512786842494	-0.0150896404245403	-0.0192101727439184	-0.225954823059916	0.0465954262824635	0.198207687992573	-0.508379083223818	0.128538474704698	0.220238234157994	0.0523349520667066	-0.0305328047557984	-0.192893886783311	0.17354139215019
P4_I9_M5	0.0235632969131941	0.216265032974331	-0.346792414205513	-0.382797601396388	-0.000802177185720405	-0.213564442708338	0.157898446687936	0.0463287507989517	-0.18448850183831	0.0902897493945443	0.0271548723808571	0.191564796155292	0.0747541350012941	-0.0856429530241734	-0.074413919233525	-0.194301912634766	-0.0626603953402283	-0.037530112380806	-0.0267411313887366	-0.190288639455566	0.0530149411183196	-0.104759613196326	0.306883244196726	0.183160427663551	-0.290705814626383	0.252874812069895	0.319816830609741	0.202093022752826	0.0329754012056642	0.028060707746825	-0.0112088390551669
P4_I9_M6	-0.0841520352729255	-0.0994016072682999	-0.386943021745081	-0.365690956123613	0.0962792875010539	-0.257936677317413	0.139180558131897	0.141966666248496	-0.251778105067153	0.273299685982245	0.0544352809268149	0.290739389222701	0.174470038484606	0.0950245055663032	0.160775022396363	0.0278854803835777	-0.000546759084335963	0.0130639641744423	0.119900644366263	-0.0650249297290047	0.161820577949668	-0.165525053372644	0.129806184098633	0.154393086017134	-0.276130747405869	0.0822981693994533	0.154266068425175	0.0963154465026056	-0.201789926026169	-0.120677873134151	-0.0903223642307713
P4_I9_M7	0.0651447077860495	0.0980193613000732	-0.345344438043152	-0.253705508429117	-0.212658816698848	-0.0690008028475999	0.0624315264386516	-0.134517664750146	-0.359150830608151	0.179256075968157	-0.100074191600478	0.00144366778001051	-0.188876368272863	0.189548993469195	0.251450598526427	0.100915565572958	0.271842914354112	0.16222780453956	0.178113297127418	-0.0119449825870485	0.192146239970916	-0.26818856691677	0.120417741858107	0.0417192496371983	-0.341176609359741	0.0556022580726949	0.123376827383326	0.0833336467674965	0.00302369879745777	0.123293571205702	-0.0186689664415932
P4_I9_M8	0.0691615442749225	0.0271467063638292	-0.318122661812275	-0.288198237100572	-0.123761975350426	-0.0294034911896611	0.045720024493632	0.0695896873515925	-0.135324887591168	0.186231249783361	0.0119885634173375	0.180895019690141	-0.167878174966037	0.20440072700701	0.260783054065575	0.024288180404242	0.036232235933854	0.159051636940808	0.00639423828199092	0.0233686476127566	0.206439072839591	-0.312870144987918	0.223431674647884	-0.238787687099962	-0.448313094157953	0.15397620647372	0.13764761762685	0.130257597092732	0.0154811301985895	-0.157775983505479	0.0479515232610333
P4_I9_M9	0.0141194848123059	0.00976878977914086	-0.184659722231952	-0.0971268016463682	-0.156090284124521	-0.277286521701717	0.19282360281318	-0.064805728668111	-0.169953746897829	0.359580665440737	-0.00876721106908254	0.218879905085135	-0.283175662930189	0.120905874008891	0.152967231663555	-0.111922086625557	0.0504069641735505	0.0765345993891078	0.00446672690727822	-0.208094514025424	0.331273214944017	-0.189515593418661	0.30616358201726	-0.104168967382541	-0.206805238580685	0.161773906468878	0.152149482274103	0.0711699721791814	-0.056822484689769	0.133717499456443	-0.237506937420358
P5_I8_M1	0.101702233449052	0.299183876630855	-0.319726191252297	-0.343311945062447	-0.0292842550135761	-0.0358230767621171	0.284474040170999	0.0286190230989861	0.0158548974034277	0.111527895094323	0.0632460289829979	0.110118668005457	0.0654055321210609	0.0244216548120698	-0.0153529741872163	-0.18674839997065	0.137800818875966	0.0221677166279834	0.0510486606156794	-0.104627473130682	0.107427504509133	-0.345835470771331	0.228020116282389	-0.077767763590047	-0.516959619338852	0.127753136413714	0.141527143910033	0.00810225115250866	0.0380692175957729	0.00377927002305578	0.0051874833037528
P5_I8_M10	-0.0435634974258837	-0.248518043536472	-0.226351878812367	-0.10748326589198	-0.0478210154624613	0.105696239858789	0.154796850872788	-0.100571772583364	-0.169876663719898	0.260427422104171	-0.0794744552041958	-0.0355866421252561	-0.153050734837094	0.34639777622444	0.349410486940284	0.267660236445672	0.375970850667281	0.0732131434983535	0.106004820399839	0.177168648307598	0.0273952517853572	-0.208263337159125	0.00866096554634141	0.0102086128896389	-0.245897078001051	-0.112900092946609	-0.0268140844911154	-0.0706901187014539	-0.243653700376324	-0.106732436573037	-0.0357624876928649
P5_I8_M11	-0.22628664451803	-0.232492963180425	-0.0556395197145853	-0.0567276979021517	-0.179003515171878	-0.25888907420553	-0.119302809442587	-0.132411406879047	0.131021941952986	0.0262294940511536	-0.102593658936771	-0.0995252115932756	-0.201472084945652	0.209608087388858	0.24418405237114	0.186530659025327	0.246677902423202	0.233406017904904	0.236447439013218	0.163489351108345	0.243023549276808	-0.00264093707596692	0.163332006138208	0.0554597538437113	-0.0949887385935262	0.124024583198122	0.171748608488059	0.0814132633990849	-0.258981485614259	-0.208152061086223	-0.287488900723218
P5_I8_M12	0.0128266140840377	0.00770296612656372	-0.313650577225629	-0.302174161589769	0.116156547996677	-0.0781736108630801	0.0846809275583233	0.152560803126292	-0.269519127676588	0.297015421386889	0.0285760513810166	0.399471415589883	0.17319962634383	0.131668975737627	0.218404135573542	0.114388630434129	-0.0932921276969195	-0.0829180177841271	0.0852783297768735	-0.0197655131632734	0.226992691305676	-0.30276802557771	0.00527632734479177	-0.0876918359392795	-0.352300549207665	-0.0367128652800733	0.0183896957305367	0.0109455041350733	-0.131742251848059	-0.0875145567843986	0.074688557004811
P5_I8_M13	0.0438770215535571	0.220357559325543	-0.155932261584881	-0.235553081025274	0.176900786143	-0.308541650064475	0.0910881827817346	0.0515715975201783	0.507078964875174	-0.0948673224820183	-0.0225428659015677	0.185233609162187	0.236075189942038	-0.115216436927871	-0.12630987143265	-0.158907729630554	-0.171140165538892	-0.140735340534065	-0.0441483722987987	-0.210932634554232	-0.0315700946751199	-0.0262168750462363	0.19094297329829	0.0981200870978986	-0.197995882126152	0.279106510900379	0.180543677138422	0.0238567666727888	-0.0245195351320702	-0.147320648570509	-0.0723021588858258
P5_I8_M14	0.215876507169028	-0.13372038525671	-0.141795040180177	-0.029306620689071	-0.156393931808715	0.195332034001334	-0.102191402533036	-0.155448099029463	-0.135057464112527	-0.0206478150446501	-0.117253800578151	-0.134866625682554	-0.226831284318238	0.268911494271013	0.315403244027255	0.230976425277901	0.292422010936412	0.205323003340155	0.246035025015305	0.182079376295582	0.176582927833289	-0.213043587339373	-0.094984777907205	-0.202718579461275	-0.239638917698755	-0.120443905226013	-0.118810640067078	-0.168310013245783	-0.013811024835451	0.0339428075202567	0.162389059326693
P5_I8_M15	-0.0133249539742467	-0.0716363779488223	-0.141117863210611	-0.140594513482699	0.259441306702608	-0.128927635474966	0.256968310658398	0.314820170113593	0.0295855632841671	0.338388606918542	0.190489050612971	0.509851166477395	0.226371890551117	-0.0442407759463007	-0.00547102164991322	-0.119131116097522	-0.158956681430439	-0.134795337829522	-0.118949480150776	-0.146410230310654	0.00584707728837856	-0.16118434820241	0.0297010809876534	-0.223826387372436	-0.195340593801932	-0.00510867081443207	-0.0517925938139805	-0.0289679887906069	-0.141329208537839	-0.0838841062574468	-0.0464743384972663
P5_I8_M16	-0.141628535602528	-0.185221498567087	0.481798160954231	0.415323480025635	-0.157467897996322	-0.128639358150941	-0.115059279980733	-0.100688465005264	-0.0761526454982359	0.0485232352756022	0.110274008116489	-0.0503577944421037	-0.174856133425731	0.171813553339637	0.212715414442656	0.196306884934133	0.143399672730342	0.0993805326744001	0.0922633749972686	0.201860710055719	0.231663312454917	-0.141445344971971	-0.0447183607420393	-0.157242869559015	-0.163743093659452	-0.128950994437652	-0.0745980504980573	-0.122509435827439	-0.156024002634811	-0.13298154654857	-0.153037032453077
P5_I8_M17	0.0789290594345157	-0.050180377134399	-0.199981824194347	-0.225311253720273	-0.0622956272935125	0.0501366122861389	0.254478052951995	0.0895521094146616	-0.156029132644688	0.308540431961166	0.104955330082015	0.201672011578338	-0.0941667829632561	0.203901668624677	0.214693391495929	-0.00473902915208281	0.172043364612381	0.119165041324051	0.0597198254932234	0.0653524681646504	0.244091838175375	-0.396610871003212	0.0792764002875225	-0.264621700700037	-0.421757288376367	-0.0606787529794504	-0.0655898137494022	-0.018027824365321	-0.13514283734592	-0.0393923681323466	-0.0519821221320219
P5_I8_M2	0.158746827718614	0.108153628568778	-0.362923046727931	-0.321516655765268	0.0855353128165188	0.0833056144992859	0.135033720843509	0.102889542577414	-0.333516402539691	0.0899818028505763	0.0733171614253458	0.102693111705822	0.200953163992574	0.0291447933193939	0.0341540984858501	0.0308383386644565	0.125913859259642	0.0109779309606197	0.128417087494867	-0.0281942256258977	0.0686889837688662	-0.329663695079701	-0.0934270289186204	0.0558273982293393	-0.504177723231336	-0.0430266573950281	0.0418709408694677	-0.0262197720292187	0.0166916490895127	0.0692202853359909	0.290309954836247
P5_I8_M3	0.202085438280275	0.175711775134225	-0.317573120552385	-0.246553566128465	-0.156883440757373	0.0537653831064906	0.0301417040318516	-0.113086920836926	-0.309764611218274	0.0792817677407138	-0.0810328072083682	-0.0480596609400995	-0.168593837389142	0.15381454363214	0.148625124610791	0.00969858100483884	0.155277783895837	0.144834950097011	0.141258387022226	-0.0049890052427187	0.162138703717995	-0.321630512729861	0.114850020000043	-0.0345781056268717	-0.48553377638131	0.0989743705833994	0.131285464222107	0.0630845555434329	0.0956657285621483	0.138925708044041	0.188859375782228
P5_I8_M4	0.00891727707494279	-0.0845415231152248	-0.486357322912267	-0.357525768900981	0.0504500185718132	-0.117890164616	0.0950619406060502	0.0141651198619603	0.176227523340418	0.176069842965072	-0.00135078003025356	0.122047477687891	0.034718290570398	0.221757955758423	0.218840342354349	0.158476930585436	0.169061853037909	0.128689949493926	0.153497060584203	0.0515419409268541	0.131496472028997	-0.274410588245094	0.0744118236046425	-0.0295493376631414	-0.38172923608917	0.11201181629419	0.0732014526085394	-0.0240675687575035	-0.16874435495915	-0.191005024995812	-0.0534734176714173
P5_I8_M5	-0.0769376081173131	0.0193035557245324	-0.221896878887513	-0.251205562307161	0.0296768266900442	-0.318348284717118	0.316085463616361	0.11563713043734	-0.00777138093435219	0.197576485306749	0.121289101606333	0.312436065682997	0.0417082011172868	0.0211055219542873	0.0284051852246261	-0.20369481059354	0.110668910664849	0.0442245790229226	0.0119589429125917	-0.141040824197656	0.228378937739043	-0.202790979898234	0.325697615896535	-0.0227030822307191	-0.319834462241667	0.142974373872159	0.121958579598041	0.0737550281514965	-0.153133223241246	-0.0998200339772253	-0.243663373874452
P5_I8_M6	0.0358126169621355	0.0916640703203633	-0.481512251497551	-0.427011149659585	0.0284305975621198	-0.132041485756568	-0.0595496443392486	0.00221691524565175	0.00332069665505486	0.0685640808667178	-0.0381729775291339	0.154628533228552	0.0992229348232236	0.0649858110474896	0.108766947985208	0.0327171002647831	-0.00791726215109001	-0.0032008984447298	0.0401455968294517	-0.100241856758184	0.0305217080719957	-0.15437932114822	0.222800600644302	0.206646304075741	-0.392520721387301	0.233036897793059	0.305704794726919	0.166312886410008	0.000552783828945233	-0.180126008717198	0.0806217000470892
P5_I8_M7	-0.0487833891644296	-0.070087992131999	-0.149070637744613	-0.159360575182354	-0.0244007628760719	-0.105208150574289	-0.0825363777716325	-0.0758450661001491	-0.0216647560182286	0.636005579719571	-0.0631832608772144	0.541131339478181	-0.0346184344869042	0.113737698923891	0.23144410548984	0.058355937329243	-0.0338994308638972	-0.123128553667821	0.0127754843018416	-0.0312097463478671	0.167467798624346	-0.155003433073873	0.0288811958298173	-0.132716153705523	-0.174041563075518	-0.0830209256239724	0.0529620744991045	-0.075812767940261	-0.0525558036370265	-0.0927394959723946	-0.0538739373597959
P5_I8_M8	0.188008528290944	0.209695049867963	-0.253778232445977	-0.211666611598004	-0.0844786369974282	-0.0557551757904049	0.091018145654028	0.0498337614332002	-0.166968237766005	0.265031687158369	-0.0200852918980055	0.257800320015666	-0.214244676297059	0.0451203860936087	0.108393653218113	-0.138181443839063	-0.161714269654022	0.00101510390318211	-0.101917660331968	-0.170753788717596	0.172883297347819	-0.235439549170004	0.312392045788607	-0.253381684111084	-0.362705551305104	0.187352649889537	0.172760371692399	0.121033261373163	0.0502558484775885	0.083186166137506	0.115290533580028
P5_I8_M9	0.0267425358028433	-0.0399420410010451	-0.221221096964113	-0.165600643496501	-0.165477355190578	-0.140268098882372	-0.00323517225555907	-0.17458512011339	-0.287718944882626	0.32556223567515	-0.0838764489245512	0.0944639657384427	-0.256173484207884	0.266282451719899	0.368919090733763	0.154515893237126	0.254031628823943	0.165523245608899	0.178392842780813	-0.0231755483308299	0.321932235161994	-0.21330538943342	0.065965016261017	-0.0587859771133518	-0.168818453196017	-0.0281157309845074	-0.0267158105196918	0.00757449952895729	-0.112903560731686	0.0613683650436572	-0.12135512988838
P6_I6_M1	0.0429712492881482	0.138395810704367	-0.071202169470792	-0.150400897424674	-0.0305234734793307	-0.0949672482889362	0.325910826399509	0.178848354485007	-0.053136797137047	0.260629539261965	0.0842252728610075	0.365727064321648	-0.112978123660455	0.0136406999220781	0.0577929658378621	-0.206895604699259	-0.116043688723257	0.00159104284607728	-0.130527666148288	-0.224357645084335	0.182538383982611	-0.205823371781649	0.287799085469682	-0.377693292485611	-0.339901815378311	0.110516741528788	0.0820802961553273	0.0420070691538026	0.0061928329432545	0.0441164590105714	-0.110531900409761
P6_I6_M10	-0.0157048020246722	0.150966536526973	-0.330353615959294	-0.401143591767968	0.0944106385962039	-0.260202847685678	0.0446178372648127	0.18267202097612	-0.270704735674461	0.0674985587413995	-0.00629629649114214	0.316842458790918	0.238143567322768	-0.0474532702176882	0.00603654953013678	-0.0970546662584095	-0.166924810511619	-0.0763065278124355	0.0158498059785973	-0.139960227951136	0.133686552786122	-0.0516865599204688	0.197633485289689	0.196601561413887	-0.205175153480223	0.208801827005469	0.209433758250774	0.175143980003184	-0.156573488455435	-0.0826764122633991	0.0698778679969758
P6_I6_M11	0.00149599925815247	-0.183193531923566	-0.146475658515759	-0.0533836687763343	-0.025229492965541	-0.0526894489906936	-0.283759797798567	-0.227805029824619	-0.41661575770787	0.00516991482248615	-0.0497389842501591	-0.0788714468832277	-0.136685927098899	0.296839570194953	0.245056302442908	0.376395318666513	0.275085227454493	0.131499766138026	0.196425044722924	0.115399341465007	0.0991095175101348	-0.121908785579391	-0.15987417507024	0.138275062531327	0.0899883089603297	-0.159817426661308	0.0185866728135929	0.00255218480161865	-0.00978768354603179	-0.117210225032625	0.231168808842369
P6_I6_M2	-0.0568539572141794	-0.132538760352314	0.357406000577866	0.384796400116027	0.0214189339163866	-0.0690084052754345	-0.155346167071579	-0.10580044421301	0.530262246987095	-0.134120360434853	-0.0117694291896815	-0.111602650119264	-0.128562013064075	-0.054259055659191	-0.0879212907455401	-0.0860159123924223	-0.163195485072362	-0.0207201602678862	-0.13862333346505	-0.0435927227498185	-0.112188530001662	0.334613309997409	-0.0339204866278365	-0.0665910305076325	0.303136280064496	0.00776529544932829	-0.0889897878227137	-0.0129893056553703	0.0745203953294532	-0.0199234410831201	-0.179386133453066
P6_I6_M3	-0.0639631353618511	-0.0685684893462611	-0.283742747704204	-0.33387344527639	0.00171174734855855	-0.10974019894525	0.00909591885235191	0.0584809994528129	-0.142950758941464	0.347687994293143	-0.0156322426108944	0.319962687463949	0.0491504340483913	0.194752233388689	0.259463528328665	0.118227615637148	-0.0144661107350907	-0.0845151035687952	0.0573398330089269	-0.00863348438955795	0.208989102614137	-0.256010473332319	0.225057363483966	-0.0337846906741811	-0.358565070815565	0.0891918452252067	0.15602658176296	0.107629295839177	-0.143518043148649	-0.222278395961453	-0.0625247899361575
P6_I6_M4	0.125877476982767	0.19959783734745	-0.358912103292001	-0.311884484337975	-0.166064611986993	-0.0686974073176278	-0.00543009494421334	-0.0792611923006291	-0.268871521481875	0.0183549375163815	-0.141790440461121	0.0268300336265186	-0.19148351660283	0.0314067509173428	0.0709789604076805	-0.0665487747580164	-0.0119765749503303	0.00443880187435653	-0.021491641945833	-0.120815320199445	0.0980286946678571	-0.0704605295027553	0.382596781902487	0.137976802875381	-0.263666311557477	0.297057019875062	0.339536885225242	0.24543266117549	0.0623112349382038	0.0317123342697451	0.075217312037158
P6_I6_M5	-0.0297832466703889	0.040654393255637	-0.266355506195578	-0.296207000062982	0.0355731912316048	-0.0654571376359396	0.0713226530330059	0.0426466700639927	-0.128136720298091	0.174488230255173	0.0591331337242548	0.219706248685729	0.228733890550233	0.110518093870627	0.146261871438552	0.0864298812784166	0.190529026997197	0.00214344628629746	0.112246498479652	0.0485218071223365	0.0810640109423711	-0.28019512862891	-0.0454073084766676	0.0912902130140685	-0.652136394864315	-0.0398332241673414	0.128329667326177	-0.0131512554146742	-0.041985633953481	-0.150770325964605	0.139825954777647
P6_I6_M6	-0.0658189867614306	-0.0892742442989038	-0.112270878324673	-0.128199433190076	-0.0893899540681626	-0.0996695625113224	-0.0969454499944107	-0.081410081839455	-0.0943363515813484	0.277387356098823	-0.113998657731157	0.14003779656607	-0.0760410665609678	0.140820534532601	0.19482729298888	0.784058041872298	0.0646904242908098	-0.0602396957201036	0.0725732439253034	-0.036817498612502	0.201803030111279	-0.126856772007232	-0.0274189311444428	-0.0958378739134652	-0.115573403347467	-0.103147495311152	-0.0423677344936345	-0.0749114078104478	-0.0765533598307519	0.0250158477827304	-0.0941347291156891
P6_I6_M7	-0.0916730592896667	0.0196136402552183	-0.223730034604845	-0.1735952555522	-0.138819828004761	-0.164874138021355	0.0091578933189918	-0.0854328304547072	-0.16787622083317	0.507272816061346	-0.12973137813155	0.0615927967894959	-0.0270345470270593	0.0560021922311326	0.616261834646169	-0.0449346502726863	0.00283839994264622	0.0564359560236569	0.118215746811202	-0.0986573651631882	0.00256572098915597	-0.0843579117559434	0.151756934599984	0.0654265263184565	-0.111091467484948	-0.0412471869592361	0.0675569205483384	0.188691295391342	-0.198267408114406	-0.0562046771804407	-0.0858607150769742
P6_I6_M8	0.115553221327712	0.137709379040229	-0.263780112752968	-0.161307243400849	-0.113622577864198	-0.129197594345977	0.247626459602999	-0.0640675418729595	-0.151678334928413	0.321487509742283	0.00130341733525538	0.109651305141087	-0.166253932996649	0.143830078394914	0.124417344595644	-0.0857243374218414	0.301827636125326	0.104407614052614	0.111723214390851	-0.152192868391626	0.335681795769234	-0.296774940704361	0.119800826001233	-0.08519792296292	-0.330652608141822	-0.0281036379355535	0.00962337241130791	-0.118888430030698	-0.149026952160467	0.221280387094466	-0.109454525113853
P6_I6_M9	-0.103822005543231	-0.137923802460016	-0.237498087781646	-0.232501781429335	0.201172973274292	-0.124817002461345	0.328950352304091	0.265785067339019	0.0410856762736387	0.331466771292285	0.191297531278055	0.340478346083075	0.245118503344287	0.0305408169170672	0.112624519771754	0.0270960910810641	0.0672577828094545	-0.00638225198752949	0.0849770870903659	-0.0440616553134671	0.126392138275861	-0.209951370916315	-0.0446581741385897	-0.18210238137775	-0.237965168854446	-0.137152482952838	-0.10928854149601	-0.129135270016836	-0.202063372848897	-0.125738236680923	-0.129182070875138
P7_I7_M1	-0.0177710853039204	-0.0299359829191171	-0.318913674873183	-0.317407113449386	-0.138241339353329	-0.121368824334011	0.192958606253448	0.00273217853483997	-0.196310257269585	0.255285638216409	0.0400206999839937	0.104771305263476	-0.0345703375311921	0.143797217053684	0.181783871901247	-0.0153984645019454	0.190907958035624	0.10622913380056	0.157256774635147	-0.021935452099355	0.213429050453019	-0.293806695121992	0.222257182505817	0.051854631345822	-0.406416007492654	0.137608402410722	0.175181594850904	0.0999781285303182	-0.139410647519518	0.00489910275260609	-0.229465594758451
P7_I7_M2	-0.046524666841868	-0.102569985404788	-0.27999667446647	-0.30924007657504	-0.0474446649601202	0.30430144286857	-0.0776706499700231	0.197471385051493	-0.192928272626286	0.335702254035078	-0.0965990791027562	0.221376066031982	-0.0116837956746707	0.162489476099491	0.226949727500163	0.0871417074846468	-0.0338625608185329	-0.0266017215697754	0.0245926540672794	0.083855307333891	0.23856197048285	-0.22972001225407	0.251215218816116	-0.173329563258623	-0.317139904362319	0.0497920354662789	0.0499345939949149	0.0970777089706285	-0.169558066832266	-0.118366058152789	-0.0972257953329875
P7_I7_M3	0.104411265543935	0.065734983082856	-0.428942589372898	-0.321436301776574	0.0517325421576607	-0.0321426651728272	-0.0888376582547119	0.00775523379516231	-0.475752953749424	0.153701145886283	-0.0183482729628711	0.134130421279063	0.0889913478161731	0.0996294599651997	0.119443236196953	0.0156792096713008	-0.0316015585209523	-0.012967946237318	0.113356458919398	-0.151885893102463	0.0967836751537437	-0.237848376190585	0.150107093986325	0.217051024259515	-0.291508613689187	0.122344929889711	0.209114840681467	0.142655252492848	-0.0208790555318432	0.00038896661913488	0.219140797164925
P7_I7_M4	0.0704188480287125	-0.02590638314902	-0.160055166048608	-0.107728112541935	0.0638033582092733	0.0529378201888402	0.190878530916462	0.136266203064021	-0.0810558253216069	0.272524250844155	0.138462803842457	0.235898907680055	0.0380799666784165	0.192579709546284	0.203378757975061	0.131745499211766	0.171296238323745	0.101171672932609	0.120060202610376	0.0785672088946367	0.131123226086198	-0.294882743009741	-0.260739861296483	-0.317733546177178	-0.254701433908417	-0.275187414259028	-0.281774107611863	-0.28339643664415	-0.0622539557000588	0.00642373961195514	0.0697980410230646
P7_I7_M5	-0.105071107068853	-0.0457950316536122	-0.208688361676644	-0.236834102090271	0.0193767888604872	-0.34583621184644	0.085213004983256	0.0903961467071944	-0.077861693262655	0.402648937983138	0.0112813865542557	0.428337900454492	0.019548452722329	0.119356617983316	0.208421426258063	0.006115146652905	-0.0088128256685007	-0.0967047090917226	-0.00394932570871485	-0.185180105336855	0.30761999728503	-0.143248453629603	0.241099206942731	-0.0437464769657016	-0.192904525553468	0.0991129140698255	0.0833298260663739	-0.0138537847284492	-0.1461192868079	-0.0569671742088128	-0.210284578225195
P7_I7_M6	-0.206980421652428	-0.167875203084272	0.0731149272125817	0.0462279089178159	-0.0750581404309688	-0.217421617011163	-0.233015693300507	-0.168117258943188	-0.0221872692937347	0.452091326327024	-0.0649894806186888	0.366878760591089	-0.205421062235873	0.255382093949986	0.284273034331967	0.176486980229024	-0.0613548624465237	-0.154167838893158	0.0279695216349245	-0.0343640345611879	0.29440348854132	0.0830688621077682	0.0146936499559674	-0.114497953288028	0.125796718130316	-0.136998875664918	0.0257257969154432	-0.0434439478277406	-0.0211447068010618	-0.103483220408178	-0.195591482383607
P7_I7_M7	-0.0774633740451554	-0.18062565391584	-0.273005060251821	-0.223289487136698	-0.0588781555792208	-0.152142992525719	-0.192596227520523	-0.175121879876683	-0.360151424973174	0.170382411010635	-0.0662517775218294	0.0512580767659975	-0.156854212084973	0.276279601987605	0.357630072825247	0.208326664168321	0.115698867704903	0.143819991008537	0.230096624674545	0.0123192266558243	0.201772680394332	-0.150300186313875	0.0644193278835809	0.17778212250454	-0.031239465167474	0.0721091669688094	0.195174676803676	0.169624754232069	-0.114272995262821	-0.166237707825882	-0.0682636655869341
P8_I5_M1	0.191024709784147	0.0754833608551465	-0.370882893933733	-0.198041969724481	-0.0146313436130977	-0.0708849592737146	0.139175544786957	0.0330025989556747	-0.317014415333357	0.303551271461625	0.00290761569803483	0.185404657972967	-0.0714280107373373	0.171989365022105	0.175756157928254	-0.0011040133095287	-0.00814809444985246	0.0562959142454353	0.0813729997304817	-0.0903533595777183	0.328874504081434	-0.29546245649998	0.122939525950384	-0.133176118896979	-0.402543461338023	0.0409064587603339	-0.0187703261201272	-0.0432287499794387	-0.11630151841196	0.182295546449646	0.060991459516703
P8_I5_M2	0.211898743198642	-0.0211350126113122	-0.36831876488945	-0.202345031879176	0.159045758110149	-0.0995849671183026	0.0152109061274729	-0.0122582001546074	0.618261857035491	0.0565571422012306	-0.0994598541507233	0.0147627883141806	0.018471708095729	0.109382058274464	0.140135304389662	0.0493996284739552	-0.00247771464255255	-0.00859866134513812	0.100365565666424	-0.0673812254414523	0.0407091057136239	-0.202694652980323	0.0688670852521015	-0.0985180783452131	-0.346392196983138	0.288546028061212	0.00819357579926394	-0.0636409189542034	-0.106091452359168	-0.130697441786028	-0.0702130810728143
P8_I5_M3	0.253279845393582	0.187438266597562	-0.295572806817093	-0.200843131443992	-0.0919401664729882	0.130964829064064	0.246591258792103	0.0537332530835404	-0.10761097690083	0.142517714908192	0.104891480419483	-0.000224741311508569	0.0359234728536489	0.101788738432544	0.0296045658429202	-0.0565969973212971	0.143738560111675	0.0334203647520695	0.037600991193302	-0.0239684174393187	0.0624961156921553	-0.398096040315366	0.00892167025241558	-0.196302826294661	-0.548963179837365	-0.026337223207493	-0.0241233629748561	-0.095016606823212	0.112806321891689	0.146461714073158	0.23341731380588
P9_I6_M1	0.056284697580483	-0.18124782969555	-0.245185116903551	-0.150021024754763	-0.157815233089883	0.0755650269412541	-0.0722076310785661	-0.0457859520191252	-0.126161321608841	0.161627695613021	-0.107853481869827	-0.0172771038304963	-0.223681279568811	0.282094780871587	0.39139086256316	0.210956747633776	0.169031551206214	0.222365851860331	0.180701298088787	0.194569912425612	0.25145861278057	-0.256553205312556	0.115643408854889	-0.191674345072968	-0.305679965722869	0.0337953498949053	-0.00952781567802069	0.0374079548982124	-0.125760364458048	-0.149286802516114	-0.0171752780328136
P9_I6_M2	-0.0766787927147907	0.0640716086697274	-0.249603768080762	-0.272731578797345	-0.0412427534925665	-0.251784989972428	0.116043335654771	0.0150772212362915	-0.333929888756432	0.312580281579098	0.0179281348911049	0.259790623657213	0.0839934238321461	0.196772295974488	0.273391802165203	0.0991787242813841	0.222060858495987	0.0599418279975376	0.196096772600513	-0.0270584272499933	0.228485675425232	-0.317647960446393	-0.0130788512534987	0.0568872137769247	-0.28310788219754	-0.107846373356741	0.0158456676296551	-0.0458964189108756	-0.147985459787452	0.000615863573979459	-0.0501681864244394
P9_I6_M3	0.132218398917344	0.206715731795552	-0.236075453676	-0.224681624185851	0.0583497056972848	-0.100784065152341	0.277027666912883	0.159926089721644	-0.260803200480596	0.252730557405515	0.0929779262842358	0.274228263694945	0.0931569085107853	-0.0987573386823886	-0.0707899327921793	-0.174718883294519	-0.111633815947111	-0.135765092211746	-0.0617993236974789	-0.252517158463885	0.179682749495253	-0.232703805441672	0.202481826257462	-0.00154935948629075	-0.39154463685789	0.0925308061935205	0.0733357298202257	0.0039150920913637	0.00558609111079468	0.233507847627669	0.0157522988334737
P9_I6_M4	-0.0291451583670443	-0.0239186641272742	-0.282093091408795	-0.264369579417612	0.16220988949171	-0.086313434509876	0.19425995040782	0.189206705332163	0.14359384058184	0.16389662866992	0.0418808490978287	0.268796692095638	0.101313443412327	-0.12874000074379	-0.0328881898887131	-0.215619627579807	-0.234868051641707	-0.140890635707592	-0.181691972082778	-0.233732446644807	-0.0898314005494698	-0.0285870751384023	0.355823320387695	0.0887799927366343	-0.137465032437279	0.294517655054831	0.249875403216795	0.183865968759346	-0.125469641387723	-0.13096555375316	-0.0714307838587194
P9_I6_M5	0.109463733834525	0.0124648127524875	-0.290764943940103	-0.29162222221185	-0.0239311864630422	-0.196171161204731	0.0674465664144536	-0.106696605293348	0.335636898056742	0.270072951326804	-0.109469323325137	0.178148467606669	-0.0760100436147903	0.185032040193164	0.222987621919384	0.0399246433141896	0.11246249864698	-0.00952081453333049	0.112893387496957	-0.12253158862189	0.30386082824658	-0.282328377920245	0.128138091426507	-0.121160674239886	-0.38171587524188	0.14602701374967	0.0659169715408583	-0.0879948516960698	-0.0986108907269562	0.00849626914861988	-0.100444236641334
